1060040
1734410
1030130
1009280
1001610
2009050
1001510
1011800
1064830
1254550
1159620
1294100
1003
1322660
1051140
1051180
1107080
1017830
1003030
1082060
1276110
1181760
1298570
1943150
1078620
1003930
1072260
1355730
1342350
1013850
1008840
1205730
1005880
1183930
1005270
1440540
1485670
1490660
1167160
1065330
1318370
1084000
1007500
1262950
1150880
1212000
1668760
1175560
2019150
1009250
1038030
1465770
1010630
1023810
1303290
1438500
1420620
1082950
1012230
1158330
1568760
1669280
1019840
2018290
1078790
1023820
1025720
1270700
1022950
1079020
1382580
1962250
1016640
1110260
1220950
1397610
1106810
1638350
1477090
1018030
1018190
1025080
1305980
1406130
1389660
1071380
1020700
1045460
1093200
1752390
1079080
1131220
1027740
1095910
102220
1027630
1190360
1042660
1069200
1251650
1045710
102410
1270060
1151790
203970
1025180
1321210
1026000
102610
1222820
1428430
1221000
1474980
1971860
1919930
204680
1074760
1087430
1028960
1440000
1030570
1029200
1037220
1076400
1302140
1750270
1364880
1033550
1313440
1055840
1102560
1100280
1113590
1037490
1578000
1077500
1767750
1083370
1327910
1071630
1165480
1313750
1416370
1047500
1180710
1451280
1431000
1044050
1052910
1220260
1066590
1036160
1040660
1140040
1051720
1427690
1556580
1039050
1321850
1041180
2000620
1052000
1268170
1061770
1248290
1040790
1040920
1379090
1059670
1041410
1043770
1318540
1073070
1313720
1076390
1073880
2053780
1044320
1044650
1062930
1049110
1372240
1104300
1664780
1184080
1046160
1474210
1046780
1046810
1108830
1150330
1298150
1048030
1327880
1504420
1048630
1323010
1419830
1087930
1125010
1072670
1126460
1054530
1093740
10620
1274500
1050220
1135790
1528500
1290020
1787710
1944860
1327060
1182840
1322930
1102570
105310
1054840
1183460
1334380
1062600
1472900
1082080
1317370
1091000
1073330
1102010
1056000
1059650
1056380
1114250
1106040
105710
1763790
2019600
1060580
1060420
1085060
1231930
1322860
1074450
1582270
1086880
1100100
1203010
1078650
1144830
1069070
1274120
1983810
1272310
1228980
1995770
1060410
1061560
1115410
1403670
1297060
1793270
1952410
1295310
1098930
1423520
1286500
1488330
1088580
1066270
1065800
1402860
1140560
1320660
1087260
1086380
1839720
1405700
1879610
1786210
1310960
1296780
1163410
34200
1151420
1484710
1975880
1068560
1121700
1095580
1911100
1111240
1069340
1085850
1530600
1069620
1280690
1069830
1163420
1746360
1169080
107110
1078880
1310980
1075440
1093540
107210
1073750
1072130
1393720
1091600
1168460
1072980
1124340
1078230
1073290
1386370
1435390
1076030
1323150
1074570
107610
1176830
1099520
1429120
1596470
1078990
1522370
1821560
1298110
1759750
1326180
1303040
1480790
1385520
1129000
1105680
1081570
1103190
1079170
1632080
1301240
1285570
1083530
1088500
1080650
1085020
1080260
1304200
1289930
1080540
1404650
1095270
1081310
1081640
1164320
1081480
1087880
1081980
1186750
1129430
1084150
1196840
1571240
1538950
1326250
1083680
1668980
1084750
1083540
1085810
1085100
1104240
1084390
1094650
1300530
1645320
1381700
1239650
1759620
1245710
1621820
1141370
1137140
1651590
2020820
1311750
1264530
1090400
1098590
1089610
1100080
1619020
1201070
1167200
1090040
1654390
1409060
1091310
1093090
1441780
1520300
1275140
1908580
1092940
1102170
1753260
1092960
1160430
1326860
1540230
1992380
1654990
1377820
1773680
1263380
1269160
1769180
1348580
1095730
1215040
1214770
1312350
1292360
1096250
1520980
1099570
1134590
1466020
1726420
1123690
1097680
1097700
1097720
1270630
1435490
1356560
1119050
1183730
1110440
1459060
1822600
1816010
1098780
1201440
1235370
1325840
1101070
2020890
1101860
1166330
1304700
1642930
1256260
1103380
1276080
1293290
1328580
11080
1104540
1105170
1191980
1312520
2008520
11090
110520
1105230
1111700
1133690
201170
1320390
1127770
1160970
1651770
1107770
1108520
1268440
1514750
1208650
1182220
1319600
1131480
1235650
1109390
1411790
1203000
1381870
111020
1110040
1114470
111030
1439940
1164900
1397310
1301270
1306270
1253850
1164420
1135420
1150210
1312870
1320200
1486740
1113180
1145470
1289250
7290
1539910
1114840
1120510
1986950
1706160
1138160
1293010
111610
1891910
1119510
1328800
1129100
200570
1252620
1485410
1584760
1118370
1140650
1400420
1252110
1437300
11220
1745770
1296350
1240330
1129060
1120890
1294430
1124200
112110
1758850
1437730
1122060
1815300
1332530
1137340
1792960
1217700
1148240
11270
1524090
1355990
1123670
1154710
1630950
1758980
1300690
1773660
1425610
1124480
1124470
1124460
1140680
1213190
1126480
1211150
1133490
1129500
1141680
1125680
1128930
1897840
1917220
1156260
1127670
1287910
1142670
1204770
1303840
1246920
1406460
1139250
1179780
1128760
1312800
1440270
1157140
1176550
1204570
1983310
1306980
1914930
1307970
1236940
1208430
1193480
1392630
1164790
1138950
1438580
1407230
1132130
1430660
1132310
1169700
1445200
1204640
1215330
1166930
1313080
1152030
1442860
1137430
1200480
1137380
1175270
1163540
1744520
1135780
1136410
1315790
1581390
2056230
1135460
1217290
1425530
1405680
1802490
1658320
1185720
1163110
1138110
1141520
1438890
1172200
1435350
1318470
1138350
1150020
1153270
1138860
1142540
1265610
1519440
1139750
1249200
1148790
1421990
1161470
1626870
1321430
1244820
1160830
1420140
1529510
1220310
1264950
1191290
1146580
1142260
1164820
1358350
1165810
2023700
1142690
1168890
1156720
1268720
1200310
1315450
1665110
1524590
1241680
1144430
1221010
1153660
1459860
11470
1173290
1326010
1314030
1845990
1182160
1147730
1158640
1149060
1322980
1152350
1730490
1929050
1326480
1327220
1430650
1149870
1231830
1197080
1325100
1743320
1409660
2051610
1152170
1642410
1193130
1527730
1152060
1178080
1152850
1162740
1435190
1587120
1791040
1312770
1162870
1597660
1163450
1227540
1177120
1270410
1837770
1325250
1433800
1407470
1766860
1211080
1318040
1441080
1445610
1322630
1439510
1527300
1392810
1205280
2055950
1576690
1193060
1177570
1277620
1419010
1289630
1526310
1184830
1739460
1255690
1201670
1158550
1161850
1179510
1323260
1664170
1249600
1803680
1304040
1212980
1201680
1322230
1192520
1313790
1513630
1159850
1774170
1747720
1444400
1697240
1165770
1903380
1292810
200650
1237340
1187500
1269340
1418950
1315590
1279600
1405860
2053430
1163010
1313240
1163120
1527870
1408270
1268080
1169910
1321250
1171780
1164510
1204240
1908390
1326900
1542590
1166150
1210600
1165250
1326020
1402450
1185070
1226410
1166300
1221750
1237930
1166610
1166770
1166810
1166850
1325820
1314280
1986050
1176350
1286740
1167480
1182730
1185550
1189530
1168260
1325510
1169550
1169660
1313220
1441170
1519370
2012150
1288810
1175020
1186060
1170480
1393730
1958450
1171830
1171850
1181700
1394770
1353340
1183990
1431200
1319910
1767050
1555200
1727730
1185040
1185050
1215300
1476110
1177360
1184380
1844180
1708530
1177440
1174840
1227140
1982970
1324520
1186620
1466510
1255860
1306190
1316620
1500710
1407940
1177530
1325810
2023830
1434640
1340880
1177410
1504390
1974570
1504720
1591270
1418410
1322920
1187020
1318440
1182450
1179590
1179700
1298580
1180050
1320210
1223460
1211850
1421040
1773600
1312220
1292370
1191530
1181150
1620280
1448010
1181500
1191150
1894830
1222590
2055020
1300120
1433920
1438520
1408980
1206990
1183180
1340710
1183250
1190260
1183290
1183310
1635040
1670470
1183860
1183820
1233390
1638590
1829390
1185130
1196960
1482590
1483250
1327270
1648140
1201460
1193860
1230600
1761880
1209310
1250190
1373010
1321820
1215100
1484630
1403730
1188810
1433820
1199190
1834780
1237940
1960940
1316320
1196720
1205870
1585850
1431650
1405750
1585090
1912000
1407110
1229770
1760750
1307820
2058590
1674050
1264540
1213800
1227640
1196910
1195790
1198800
1217460
1326680
1448500
1269060
1317170
1199440
1206980
1231510
1201480
2020900
1320450
1406180
1296310
1407310
1388610
1197130
1268890
1197410
1305710
1583480
1285170
1282310
1219680
1658140
1220740
1795520
1199230
1826320
1199810
1291650
1204420
1354780
1946910
1268090
1203700
1297150
1204340
1420370
1356200
1342370
1315850
1775180
1321470
1324580
1368530
1371360
1256570
1771100
1597590
1290300
1210840
1381730
1258630
1778010
1208480
1714560
1418560
1326200
1238170
1582670
1244750
1209580
1236420
1504120
1316960
1326560
1298330
1323890
1233520
1257960
1739250
1435570
1665690
1411210
1220960
1590990
1213410
1904500
1273300
1436100
1554800
1642880
1322420
1215080
1218730
1275200
1321340
1273880
1228650
1530480
1227710
1317440
1223510
1307350
1474960
1226360
1368250
1241360
1236460
1751670
1219510
1591740
1861680
1319470
1294710
1235380
1276440
1459730
1278560
1300870
1470210
1455010
1220590
1224460
1601150
1265760
1230470
1231860
1224230
1223330
1648820
1226050
1225760
1341730
1222410
1719260
1282640
1335960
1889510
1265490
1316940
1223400
1229980
1225500
1326150
1224880
1232190
1281460
1239420
1290810
1773610
1536630
1297880
1225900
1655500
1603350
1256540
1254960
1289420
1503080
1631910
1235780
1227770
1750560
1711660
1229400
1405120
1230260
1251260
1347910
1489270
1305700
1319390
1235850
1263470
1312280
1487340
1434860
1324260
1449830
1339120
1359560
1307510
1237360
1535750
1309010
1284930
1242990
1232880
1306960
1251820
1312400
1504930
1233730
1233860
1233960
1262700
1644470
1408750
1326790
1234710
1560410
1247050
1535140
1235320
1235580
1271360
1862510
1313390
1246010
1599120
1240670
1244540
1541500
1254800
1240540
1450930
1326750
1240340
1529940
1431090
1325350
1408770
1310070
1238120
1237910
1238410
1521350
1326520
1261350
1657180
1239770
1323570
1244020
1411540
1401850
1401140
1308890
1819380
1241920
1791940
2013960
1316410
1243330
1590060
1243720
1325050
1261810
1440170
1244940
1246550
1381420
2001950
1245680
1245830
1436250
1368520
1402180
1895360
1518960
1956080
1480490
1248110
1248410
1248470
1248600
1262710
1456990
1272910
1267610
1259720
1316120
1314750
1394850
1467630
1653920
1405490
2052620
1250130
1250820
1657440
1970810
1404440
1255190
1996150
1255290
1252500
1514990
1300290
1623800
1312700
1356590
1258860
1340790
1310780
1683980
1283570
1542320
1751930
1253890
1400600
1270530
1319120
1334990
1306660
1263670
1428280
1401600
1389150
1440490
1386010
1341000
1257020
1256990
1362230
1342950
1257260
1657300
1269430
1506500
1395210
1311450
1353500
1276860
1260760
1467910
1267430
1458290
1433810
1302640
1364040
1901320
1352550
1320610
1364410
1260640
1263480
1291390
1270640
1905840
1428620
1918910
1303330
1292570
1267450
1960420
1303320
1303340
1604620
1537840
1542830
1320740
1312330
1268310
1323160
1391030
1266970
1436430
1659870
1266110
1280580
1325330
1960130
1266620
1270600
2011930
1621940
1299640
1359490
1367500
1962300
1269460
1269380
1510700
1270400
1709600
1417290
1409790
1532900
1269860
1587990
1280740
1278640
1274780
1424670
1433360
1311050
1728990
1295360
2053500
1659440
1330590
1535050
1292990
1294640
1709120
1273360
1627070
1415060
2009150
1403220
1274220
2026480
1281440
1274330
1293470
1678330
1325060
1285710
1275160
1304570
1325990
1830580
1375170
1645130
1294490
1689380
1608340
1278660
1448660
1685480
1542880
1314740
1576630
1401540
1550350
1656980
1366630
1756570
1283870
1385420
1283670
1329150
1706530
1326140
1437910
1429420
1402240
1315060
1620480
1362140
1656830
1296850
1566760
1325440
12820
1386420
1661050
1333960
1282660
1519390
1328260
1439650
12890
1291940
1292330
1411120
1513290
1298970
1807440
1285470
2011450
1284220
1754850
1284560
1307360
1494340
1292470
1367510
1311890
1315020
2059950
1303120
1533320
1296990
1657470
1338120
1323590
1292380
1728870
1542240
1307570
1683110
1894820
1702950
1288660
1376440
1293680
1318330
1436380
1311040
1289530
1297690
1551900
12910
1316630
1512260
1290280
1290360
1290470
1314610
1296380
1668900
1297510
1320620
1296950
1542920
2017070
1303750
1295050
1297420
1322130
1320590
1313930
1292530
1428050
1293020
1293270
1294980
1381940
1321310
1294400
1312690
1328020
1669540
1316420
1314960
1296210
1402040
1295470
1567620
1709310
1312730
1317520
1294700
1306170
1295980
1319040
1339190
1318810
1655860
1324290
1295550
1317130
1310800
1295770
1532950
1295940
1447840
1322150
1822170
1434420
1942570
1326880
1708480
1297020
1858800
1307020
1357260
1319540
1320570
1326800
1320070
1376330
1305020
1320380
1298290
1396620
1326840
1350640
1334090
1344240
1299570
1323280
1298810
1629080
1582460
1480680
1499290
1322760
1536360
1355540
1311110
1302560
1660830
1706320
13010
1774180
1320300
1345790
1326160
1312680
1404020
1326550
1312030
1352640
1310260
1582170
1303920
1301440
1323170
1327180
1317880
1309560
1326820
1325680
1302100
1579240
1302360
1321420
1323970
1611030
1321260
1323560
1308530
1325110
1302870
1306650
1317910
1322610
1326370
1384470
1317140
1316900
1323040
1320720
1318080
1327070
1304380
1423490
1877220
1576010
1318770
1308290
1499050
1540750
1323310
1493180
1323290
1784110
1359550
1360470
1318010
1415610
1306670
1305670
1440660
1404670
1312640
1491160
1387330
1546700
1427500
1322800
2015590
1526420
1407220
1354130
1587270
1706010
1540770
1445640
1720360
1940860
1882310
1366120
1310750
1312890
1328680
2027500
1838160
1619160
2013570
1376050
1314100
1501450
1338760
1783940
1756250
1534360
1903070
1413130
1391780
1345460
1812080
1940050
1374780
1491580
1444970
1344160
1491840
1930750
1394910
1414880
1503420
1557560
2008190
1568160
1478280
1319560
1339740
1330090
1320010
1880120
1355040
1321000
1412700
1416250
1496880
1402360
1323120
1399330
1451270
1999410
1324430
1891670
1379010
1759080
1362820
1385200
1347930
1338440
1341020
1722330
1362060
1965500
1913480
1353630
1897210
1444270
1740350
1440460
1332390
1427110
1333820
1337750
1668600
1624080
1497570
1501430
1997350
1381160
1361890
1819680
1402150
1994340
1332580
1332600
1444960
1360090
1403500
1497150
1539940
1592620
1575460
1380870
1640520
1334160
1483880
1439580
1772900
1411690
1402140
1529010
1690170
2020200
1335550
1380930
1349550
1394200
1846140
1396200
1354030
1342210
1992330
1442560
1838930
1413810
1408940
1471890
1355180
1660930
1342320
1501180
1387470
1356420
1341990
1408460
1396090
1429770
1594450
1342420
1408670
1384410
1573520
1354160
1386260
1816130
1402720
1348940
1349360
1744720
1346490
1421010
1820420
1574950
1411850
1356230
1840180
1712010
1536580
1373730
1384280
1439640
2001820
1660670
1456960
1348210
1606020
1884770
1356170
1660470
1394710
1356400
1510770
1530490
1384850
1349880
1360930
1372340
1756820
1461250
1434920
1408190
1408520
1406870
1660710
1645600
1351760
1356150
1428350
1510020
1468440
1490220
1372970
1438910
1677820
1773760
1703250
1717870
1842670
1568660
1521880
1360920
1372440
1636220
1376380
2011390
1358720
1423130
1397420
1752180
1368600
1684190
1367810
1443710
1490140
1430700
1729800
1575440
1356450
1491440
1527480
1661650
1528390
1636720
2008660
1951290
1448930
1379990
1384270
1365790
1383590
1413340
1766430
1653440
1444380
1910730
1360300
1536450
1661440
1628320
1373570
1363220
1366140
1538140
1699680
1386960
1475480
2056720
1386240
1394560
1528040
1362530
1364080
1380240
1363280
1655690
1648890
1402730
1767630
1387990
1740280
1697750
1875550
1366620
1853950
1732280
1431500
1365910
1442570
1391950
1365640
1374210
1402680
1376100
1428380
1663350
1999310
1380270
1646210
1662780
1889340
1448210
1444470
1421050
1652610
2021160
1483420
1459270
1380920
1467690
1627160
2055900
1399350
1478890
1419570
1737040
1507050
1709130
1709860
1378770
1371150
1637620
1441620
1752000
1419540
1838940
1377400
1418000
1550720
1376600
1436270
1432870
1389250
1716560
1386640
1452040
1440970
1542800
1654750
1952610
1394840
1391920
1408280
1772940
1658230
1398250
1430210
1524120
1737430
1421150
1413360
1426150
1378970
1378300
1509290
1398640
1510750
1439080
1380080
1445710
1868230
1444520
1394730
1751830
1380130
1824470
1405230
1439200
1696140
1381390
1417430
1381540
1494360
1383380
1403290
1462630
1744180
1732040
1383360
1462300
1387960
1383320
1536710
2027020
1507480
1468360
1412590
1432240
1393190
1471060
1405460
1443670
1505780
1404540
1385270
1385360
1814180
1521340
1589690
1437110
1414190
1386120
1419250
1507940
1776280
1397080
1698620
1412800
1575840
1422900
1498540
1535530
1432830
1404720
1534580
1392180
1440590
1989400
1388440
1397700
1417410
1391290
1403410
1422890
1406940
2012700
1409750
1389590
1751180
1535760
1397120
1390800
1579160
1421750
1391460
1960410
1402750
1435200
1403260
1726680
1399050
1403490
1403360
1430550
1744390
1395880
1902000
1392950
1407650
1401770
1427720
1467950
1426520
1574890
1405770
1429050
1734170
1393920
1775950
1402220
1405080
1533900
1489650
1437930
1429940
1520910
1441220
1437590
1395650
2020390
1515350
1438300
1420940
1405920
1403600
1417980
1479690
1437230
1396900
1397020
1456530
1466250
1748420
1397780
1438880
1654420
1398240
1404420
1413690
1399890
1441380
1539390
1442110
1402070
1445970
1871120
1399950
1442790
1450810
1429460
1407930
1400370
1710150
1437140
1532600
1483200
1400950
1423530
1411620
1440960
1432990
1438640
1774230
1460720
1898170
1422840
1641170
1425020
1538560
1437440
1514270
1597500
1411300
1457250
1434210
1432600
1590240
1404760
1439770
1424490
2020970
1408320
1443480
1442690
1438460
1441310
1536490
1408800
1434740
1973520
1834260
1406790
1412340
1430780
2013490
1407350
1407510
1449120
1651220
1529090
1436350
1415940
1827800
1849920
1414860
1413030
1431960
1428850
1687580
1449800
1545550
1550370
1418920
2051930
1475690
2001600
1560180
1410340
1410780
1654320
1413060
1652820
1470440
1776480
1774800
1412090
1422560
1418530
1432800
1420520
1932150
1412920
1429920
1758800
1422870
1588330
1417710
1415290
1482440
1457850
1501190
1418080
1521560
1968070
1548480
1416500
1458470
1424460
1541430
1417470
1713780
1763940
1899920
1421560
1514800
1753040
1418600
1459290
1434400
1462590
2052930
1447270
1419210
1419220
1471090
1429140
1628160
1424410
1424160
1422330
1435740
1423190
1738870
1560030
1758790
1427280
1778530
1669080
1536220
1425680
1876610
1462770
1459310
1478170
1443140
2027800
1497300
1454210
1430710
1778900
1798490
1434710
1810770
1427330
1935700
1505340
1740340
2020740
1667810
1433380
1429250
1975870
1519460
1647370
1430510
1430080
1456240
1441070
1556940
1540610
1503330
1652180
1861790
1765930
1431560
1791070
1909390
1433220
1704600
1679750
1542940
1973900
1542380
1433160
1787530
1559890
1535340
1467750
1524040
1522510
1783580
1982770
1638960
1434680
1440740
1779140
1435400
1435720
1441140
1652590
1473460
1538700
1471100
1436820
1740260
1456850
1651790
1806300
1470700
1649180
1872000
1439470
1439560
1543850
1440650
1443580
1471140
1507150
1441540
1520320
1886060
1471330
1444330
1544870
1443560
1557450
1461830
1452710
1443860
1463540
1727460
1464020
1655450
1931300
1690680
1772670
1800270
1683940
1591030
1474370
1899420
1447220
1468170
1446940
1447560
1734050
1488880
1447720
1721660
1452730
1452780
1448720
1799320
2006880
1777270
1449680
1488520
1468980
1475820
1450110
1458570
1469720
1481280
1647980
1515270
1638480
1455210
1452030
2005620
1741410
1686360
1728760
1491760
1453170
1467180
1934170
1474560
1456620
1706990
1531670
1608970
1509490
1657400
1666060
1455180
1514670
1769300
1497060
1578130
1963820
1679780
1673810
1457970
1459750
1464530
1950090
1460430
1487040
1457790
1659130
1459620
1650560
1503050
1621960
1966320
1460410
1464920
1536130
1573340
1648170
1509990
1661300
1867950
2004310
1463070
1462500
1498370
1483590
1666580
1521790
1907530
1728970
1495550
1464660
1469480
1471400
1474040
1765840
1536400
1475720
1488210
1544960
1747260
1536650
1904670
1546290
1632270
1468210
1734360
1476320
1590340
1739540
1624250
1987740
1492520
1478290
1637770
1650990
1838520
1529500
2023410
1535890
1961820
1536020
1993040
1774500
1525110
1974180
1474170
1477760
1486220
1571370
1524600
1764850
1508290
1130390
1478530
1507060
1833030
1656150
1525610
1933260
1534730
1490520
1655390
1490320
1659850
1499650
1951270
1506130
1623900
1478040
1589870
1589740
1500340
1495410
1529690
1631490
1488120
1493630
1870820
1479410
1642000
1513920
1570460
1891630
1651370
1497310
1499670
1753880
1494880
1493770
1522150
1508820
1515880
1700000
1892830
1851040
1826990
1657370
1547100
1491610
1483660
1504160
1813410
1655180
1723090
1851460
1485710
1540460
1512600
1514540
1487130
1498750
1485700
1488890
1548450
1573020
1718180
1695640
1569080
1529790
1486550
1542480
1484860
1764180
1485000
1716630
1544230
1500040
1532850
1532390
1593550
1895850
1518880
1771560
1582450
1534790
1577370
1537000
1982580
1524240
1488360
1631310
1505640
1759290
2020580
1489530
1488450
1985480
1667200
1539930
1540120
1652210
1489260
1760110
1497690
1489640
2020720
1489760
1652130
1639750
1541170
1520020
1657530
1764580
1900940
1661310
2014190
1631550
1746440
1722630
1541480
1588990
1626360
1621180
1546170
1915640
1967600
2015980
1645710
1492390
1517280
1509980
1650350
1492400
1503570
1537450
1996120
1492880
1648910
1608030
1897090
1661670
1563580
1984830
1536840
1837290
1552070
1546410
1821470
1952730
1596320
1609400
1495650
1671230
1522730
2001810
1536800
1558610
1656270
1500360
1961700
1497540
2018680
1649140
1949510
2008970
1509030
1502
1795590
1620570
1543060
1894780
1759050
1503830
1846310
1811840
1788020
1641800
1535230
1885210
1652150
1845580
1564070
1743160
1576700
1725600
1552030
1653090
1509690
1511340
1572200
1505730
1506860
1506090
1760540
1506160
1575550
1823240
1598900
1512930
1507750
1507090
1615440
1507840
1544270
1512250
1679380
1510160
1594080
1751450
1509480
1509860
1528510
1720230
1529020
1514770
1511380
1554370
1662950
1955630
1532890
1537170
1514350
1514080
1954700
1912830
1772500
1654580
1632390
1650840
2018750
1772020
1978120
1537380
1939030
1560650
1905120
1669010
1746600
1515410
1515430
1991210
1765110
1792240
1515840
2002290
1597810
1729880
1678180
1516740
1819590
1533330
1564200
1858110
1517620
1617250
1774550
1549460
1575200
1628920
1519600
1661190
1522
1597830
1900800
1961350
1913400
1677040
2003890
1664330
1900110
1529680
1578790
1522130
1640050
1875080
1737180
1672120
1657660
1822740
1731890
1524000
1890730
1578360
1995150
1588020
1604200
1662240
1544800
1703370
1529000
1526570
1526080
1596960
1766560
1527610
1955660
1597620
1544100
1667640
1536410
1906260
1531850
2020280
2023040
1617140
1528870
1538590
1537060
1542340
1795450
1776680
1600400
1800500
1539230
1540
1647210
1660720
1562250
1624300
1657790
1658130
1761050
1958840
1662900
1535020
1542220
1853580
1572250
1969580
1617100
1590780
1534410
1623830
2026770
1534970
1780710
1542050
1971460
1880850
1654650
2024540
1535950
1535850
1535820
1541740
1602780
1578260
1686410
1669570
1645240
1905410
1582110
1566650
1647570
1950100
2018150
1652360
1765680
1847570
1726960
1539380
1570570
1541900
1935390
1559210
2055520
1547650
1582860
1662360
1776770
1937870
2007090
1547770
1566660
1560490
1899280
1543540
1562730
1543840
1881550
1776320
1556970
1835320
1544550
1591720
1709960
1546300
1668550
1545840
1701730
1873850
1587420
1820730
1580400
1936340
1551880
1546430
1562890
1547610
1910430
1640730
1961900
1547660
1552880
1662200
1601450
1553830
1604670
1560990
2057530
1594540
1651040
1548360
1821080
1557800
1727710
1957050
15510
1854640
1959630
1688370
1559830
1550490
1942230
1904420
1762070
1669830
1562170
2053720
1591790
1553220
1652830
1552440
1579900
1553090
1641050
1911480
1992990
1845590
1566290
1563790
2020360
1662520
1662530
1679050
1792540
1970800
1679370
1737310
1566530
1596260
1630860
1668770
1772360
1557790
1668040
1556440
1961360
1670850
1752520
1624730
1568120
1669040
1728790
1657940
1645740
1582480
1558590
1961470
1643740
1733370
1612860
1691530
1596420
1560740
1560920
1607150
1586030
2018650
1666350
1568140
1561650
1580810
1573120
1872560
1579940
15680
1860690
1643430
1647810
1563090
1566140
1866080
1996400
1626240
1976580
1618750
1569260
1871070
1831170
1603610
1626820
1586560
1605670
1696320
1651550
1601530
1702520
1568370
1673060
1713420
1760350
1566080
1671750
1981140
1575500
1566420
1639100
1711010
1568150
1570870
1589950
1595820
1734290
1747180
1807180
1598140
1569940
1645960
1643060
1624090
1649110
1985330
1629340
15730
1586450
1668400
1668490
15720
2009590
1571470
1631460
1571670
1575770
1886490
1820820
1572480
1744470
1589390
1706290
1578910
2019030
2014290
1584610
1724250
1893270
1583760
2008160
1654090
1628210
2022940
1915720
1574340
1688820
1591770
1574520
1897270
1618670
1894350
1591800
1976480
1582360
2019930
1645210
1896400
1648710
1740410
1590370
1667350
1594160
1661040
1632760
1686580
1703570
1660650
1657670
1662120
1652790
1603890
1632130
1740290
1670110
1645800
1670400
1690630
1578510
1583750
1739820
1602530
1929310
2019780
1579350
2019500
1728930
2010860
1579740
1693030
15810
1736050
1722360
1580310
1658790
1587230
1586500
1666740
1593480
1720300
1620190
1584030
1588150
1610640
1597380
1644170
1660050
1582150
1638550
1642240
1844310
1583040
1643110
1665410
1583200
1629790
1663090
1593530
1592760
1607350
1767670
1584910
1662810
1585060
1585140
1602790
1799040
1883910
1598610
1710800
1737560
1590350
1875240
1586720
1595720
1660120
1652690
1587250
1840500
1904510
1588310
1606360
1588800
1860100
1596970
1711100
1639360
1760840
1592080
1617810
1592140
1658690
1857240
1589960
1826010
15902
1720610
1673050
15912
1606480
1637450
1655350
1592330
1598040
1617680
1641760
15922
1727390
1635110
1628330
1759570
1812190
1966350
1948710
1707080
1594650
1752480
1701500
1681070
1924930
15932
1642370
1593050
1595220
1595360
1730200
1628530
1649780
1663660
1601490
1651800
1739050
1843360
1897620
1823040
2017650
1950740
1657820
15952
1669840
1853910
1641000
1752720
1676460
1975210
1764590
1605650
15962
1868340
1626440
1662280
2054550
1890840
1895510
1615990
1705670
1608500
15972
1679440
1602250
1658590
2018770
1884010
1891150
1597850
2018390
1655000
1598310
1697740
1815210
1658360
1620610
1884590
2020060
1755940
1641030
1765120
1764600
1678610
1649890
2008540
16002
1661470
1723070
1606070
16022
2019890
2017310
1658380
1605410
1659660
2014640
1617620
1978270
1728050
1659310
1774440
1719400
16032
1624800
1796540
1667520
1659280
16042
1752590
1604070
1614720
1645860
1605660
1632180
1764720
1980020
1696700
1648130
1608960
16062
1768380
1998740
1745630
2059610
1691030
1727110
1761200
1763200
1814500
1620980
1688790
1976790
1769330
1647340
2051400
1784710
1833010
1664510
1738840
1925260
16140
1847640
16150
1624650
1653540
1759660
1836100
16160
1625010
1836480
1880340
1919890
16170
1669060
1710700
1970390
1613850
2018970
1644040
1756170
1614950
2005940
1984460
1696410
1973980
1809400
1632580
1652240
1837930
1675420
1835170
1721710
16190
1690450
1661030
1663310
1690280
1657070
1633920
2018180
1967270
1763430
1813350
1772980
1738270
16210
2017180
1646420
1620500
1621570
1766930
1684550
1765950
1640950
1890060
2026360
1697890
2022840
1871580
1752020
1622480
1771350
1881770
1898230
1632400
2016360
1751240
1633120
1681800
1626330
1679250
1669510
1880520
1904110
1735020
1639640
1760550
1875960
1823960
2024800
1827930
1722560
1628150
1917480
1814970
1640020
1657930
1637360
2013100
2056730
1890930
1629540
1855880
1900450
1750100
2010590
1776720
1719060
1756940
1731800
2059560
1947590
1716680
1913130
1678490
1718830
1715640
2013470
1807400
1639600
1677390
1733350
1678380
1742980
1770590
1749950
1874930
1895770
1690920
1736020
1738580
1894340
1764370
1848090
1697860
1634240
1673080
1714800
1762150
1768050
1634720
1906270
1807790
1950790
1635330
1694590
1900430
1800770
1911550
1636640
1874320
1704580
1760100
1643330
1874280
1693810
1899560
1679650
1700260
1705640
1650980
1677850
2003720
1641690
1760770
1815950
1770340
1677000
1939900
1767530
1641680
1639470
1712860
1743680
1675700
1639450
1686330
1969660
2016870
1696730
1751690
2018980
1720380
1641260
1669100
1845070
1714170
1719050
2019490
1699920
2018880
1713690
1642780
1644570
1961070
1764750
1700790
1644340
1686760
1727160
16420
1669520
1646960
1657410
1752040
1645790
1774790
1737880
1760800
1656260
1647230
1763390
1855960
1975820
1750760
1754280
1926150
1654500
1746450
1732320
2052880
2021490
1836650
1935010
16510
1987940
1677050
1997620
1983210
1759970
1805630
1912540
1670090
1735540
1670820
1652410
1749610
1652470
1660770
1667150
1700620
1673590
1766520
1674140
1901790
1857180
1728600
1713230
1670360
1712760
1706490
1737720
1692690
1971060
1759280
1658890
1669640
1701770
1657000
1657390
1765400
1888730
1674430
1717950
1921800
2020300
2020760
1847520
1672370
2022730
1702860
2014110
1674760
1659720
1719620
1690910
1659900
16610
2051980
1749470
1770650
1661220
1945920
1978960
1764920
1721640
16630
1679920
1684030
1817520
1759360
1707290
1902130
1662760
1866930
2052500
2027080
1769790
1689040
1663960
1663980
1664000
1960240
1891180
1664420
1737420
1751960
1966250
1726070
1841340
1742050
1666100
1684810
1756540
1722810
1666490
1743400
1676490
1713840
2018890
1705210
1668370
1774040
1673860
2025400
1739790
1872640
1884740
1958470
1909970
1899530
1669800
1713600
1750880
1690940
1892710
1683330
1929390
1671620
1687340
1720680
1854770
1672940
1863330
1759950
1921100
1731400
1703310
1677860
1745090
1795280
1875010
2013450
1694090
1684280
1743090
1848020
2051430
1713960
1679150
1678210
1682430
1715770
1868690
1731320
1753720
1901210
1907320
2020250
1678670
1796730
1910760
1768060
1798960
1893710
1737780
1871660
1680040
1743020
1724450
2003330
1682630
1713890
1914360
1728940
1760680
1719860
1711720
1703590
1761410
1861000
1911180
2021420
1682760
1704570
1706790
1683280
1915570
2018400
1722170
1878860
1725550
1725590
1763420
1702600
1911700
1750340
1714870
1893610
1873950
1898650
2023750
1811180
1710090
1906850
1975190
1691690
213910
1838640
1698320
1743270
2016520
1979710
1699650
1735560
1889380
1896490
1912610
1991730
1940810
1712060
1947770
1716430
1696840
1708240
1697900
2053120
1768760
1690460
1723140
1764290
1814960
1764040
1718800
1996480
1750360
1856790
1814370
1709410
1767410
1763140
1815610
1911410
1910040
1712330
1810780
1700610
1868530
1694900
1767970
1779000
2059140
1738780
1701290
1800420
1734140
1695020
1758710
1722060
1695700
1726260
1877770
1837720
1696210
1911350
1708450
1797330
1700650
1709610
1975740
1768330
1984480
1712160
1701880
1699040
2009250
1699310
1978160
1710
1772460
1700770
1726830
1720990
1997000
1706140
1977400
1807050
1763910
1882020
1702040
1820990
1741990
1878090
1972530
1768310
2015350
1706880
1854360
2053420
2025690
1856250
1871560
1759960
1859250
1984700
1958030
1749660
2020320
1750750
1959030
1712710
1706350
1767880
1743130
1721750
1728070
1732620
2003820
1965810
1790660
1770420
1707460
1762090
1845470
1707730
1734150
1985730
1969090
1770410
2026780
1722950
1708130
1996110
1835380
1883330
1739230
1760620
1710630
1912990
2022870
2008690
1871320
1884460
1762630
1832610
1749450
2009680
1777860
1896080
1893470
1717470
1901280
17110
1752170
1712520
1710770
1772000
2012230
1720910
1988180
1904760
1722970
1887410
1712380
1728920
1797770
1817480
1923260
1774830
1774720
1749180
1736330
1740210
1752770
1756580
1729910
1743630
1722850
1718790
1729630
2012870
1715020
1727280
1992690
1866520
1716350
1726440
1726350
1722400
1881400
1997200
1923980
1999580
1763580
1970990
1887210
1718840
1726300
1721950
1885230
1733820
1733780
1746670
1771080
1761120
1719370
1761070
1749370
1723670
1763000
1899090
1976420
1771870
1766290
1876520
1766260
1914540
1788550
1722650
1746740
1768900
1768110
1722200
1899930
1806390
1723940
1765610
1732400
1764610
1999420
1886500
1741100
1740700
2003480
2004920
1761080
1746300
1727920
2004470
1773340
1758290
1775280
1893380
1724550
1726600
1908300
1729010
1793940
2051950
1962280
1734210
1938570
1767260
1783420
1726460
2006100
1727050
1819910
1838700
1833460
2026320
1732000
1895440
1980960
2013940
1727980
1860450
1993250
2014250
1995970
1773050
1762820
1853520
1880750
1977180
2002040
1741740
1732200
1957290
1825090
1794550
1981520
1991740
1729650
1769610
1824850
1739920
1894420
1754140
1828480
1730400
1730510
1913580
1766570
2000430
2052850
1947520
1868930
1806500
1731610
1979870
1783030
1792420
1897930
2014710
1745930
1882360
1820300
1753240
1835900
1979780
1999640
1893340
1853930
1842090
1885150
1917180
1760530
1828920
1741910
1789430
1776410
1736470
1923440
1885350
1743870
1787940
1790680
1797110
1871040
1771190
1849700
1918200
1739320
1939410
1824310
2024000
1896680
1756260
1797920
1890900
1741680
1829950
1862610
2008140
1946000
2026680
1755230
1742460
1989470
1742710
2019450
1843960
1878160
1743250
1876320
1935650
1774210
1745270
1744730
1899510
1794080
2018590
1946920
1831240
1993500
1835990
1952660
1829750
1752970
1745490
2010810
1775910
1787590
1832880
1886900
1891380
1779290
1835300
1766800
24710
1799640
1902160
1752960
1835130
1976010
1782550
2016340
1749520
1755410
1905250
1817150
1783430
2001100
1750730
1809140
1797670
1840680
1865070
1759680
1946270
1752230
1988450
1907580
1762160
1764500
1894330
1923210
2025640
1768750
1803120
1866550
1996940
1942700
1908170
1757070
1811890
1924750
1781910
1868660
1771570
1848620
1789410
1891590
1885810
1762880
1759730
1760430
1760760
1912600
1763690
1838870
1767440
1804670
1985280
1762280
1821360
1767720
1964660
1763070
2005200
1785780
1791840
1780350
1891990
1878590
1821300
1799540
1773210
1772290
1770110
1865910
1853070
1766360
2022200
1872390
1768290
1859750
1792080
1852270
1769040
1865190
1899260
1768930
1825260
1907300
1895190
2027770
1880540
1781490
1789040
1835590
1851660
1808930
1770980
1914520
1913060
1788200
1873060
1772990
1771900
1771970
1790480
1830520
1948130
1808090
2023660
1899940
1862640
1917200
1854720
1949060
1848100
1915300
1779520
1988160
2010940
1788300
1779820
1870450
1776760
1975310
1775590
1775600
1775580
1920730
1978410
1776810
1808670
1991280
1914860
1811280
1799810
1899780
1849450
2025010
1777340
1849160
1781400
1921640
1946500
1826190
1865150
1779160
1893450
1788290
1780140
1779860
1802180
1828610
2011050
1895620
1969270
1874270
1896120
1835050
1806900
1880210
1852010
1979250
1792800
1782440
1782870
1805830
1891470
1875490
1911500
1807110
1894130
1784790
1786240
1785240
2019430
1793310
1799150
1943180
1825680
1793930
1866330
1786340
1793390
1820760
1891800
1904270
1849670
2004150
1899100
1953480
1787060
1973340
1943320
1789020
1787370
1839970
1803340
1792640
1876760
2007650
2007660
1816510
1789120
2001740
1852960
1789610
1789630
1843830
1804090
1794260
1984780
1976560
1970130
2006680
1791770
1821250
2057440
1901890
1798100
1847780
1835630
1964700
1952870
1935260
1794010
1794350
1814760
1910920
2021020
1994530
1811420
1836020
1803750
1995860
1965830
1859330
1814860
1867220
1797720
1891190
1912550
1799860
2008360
1803100
18010
1914550
1800700
1805350
1825360
1956460
18030
1802660
2055080
1837240
1926580
1805420
1975200
1897070
1880740
1804800
1891730
2054630
1864870
1953290
2022660
1977650
1966050
2022240
1874670
1987180
1832890
1806990
1807130
1883730
1820240
1864740
1987850
1877530
1907730
1808180
1814210
1852720
1826310
1824050
1901770
1835950
1975630
1932940
2009910
1994790
1814430
1813710
1809940
1913910
1813360
1839390
1826790
1919080
1956540
1820120
1918990
1877470
1813070
1909410
1903110
1869550
1828290
1856200
206290
1880350
1987090
1884700
1820410
2052470
1943100
1825920
2002490
1814650
1813830
1879930
1821190
1921420
1887110
1928720
1841510
1969550
1814940
1917770
2004560
1837880
1915810
1912010
1824900
1826110
1826520
1904060
1995140
2009710
1820660
1899840
1955220
1820500
1950260
1879090
1838050
1855780
1818190
1821370
2013260
2020940
1845220
2005840
1911320
1819170
1925490
1967720
1966710
1940110
1915820
2020140
2011380
1840670
1830860
1906610
1825570
1982570
1856780
2012330
2057390
1842820
1984970
2027980
1903150
2053480
1994830
2018360
1904070
1871250
1824770
1904750
1907370
1897390
1838620
1963380
1992720
1837960
1831890
2010430
1898820
1826240
2017710
1916370
1903160
2052330
1868740
1833150
2050410
1905710
1971040
1878040
1910900
1904990
1828050
1909400
1986020
1828360
1846110
1832190
2003780
1887950
1859440
2002330
1932930
1839200
1889070
1839530
1994880
2026620
1990750
1951360
1925300
1862360
1844320
1871200
1846470
1860730
1831180
1875090
1831420
2012480
1854220
1910350
2020810
1969290
1917250
2017280
1841410
1888400
1979750
1845950
1832630
1865860
2013410
1992900
1852690
2018710
1897850
1834210
1887870
2015870
1842420
1854310
1972540
1917300
2020050
1916720
1882250
1909930
1977820
2020230
2051800
1940530
1840930
1873150
1842600
1899900
1980310
1905820
1866000
1875690
1912360
2017240
2022340
1894670
1964160
1849030
1906200
1900120
1838840
1838850
1964170
1895110
1842020
1911920
2024960
1851750
1842710
1977020
2002750
1960750
1843210
1854320
1941930
2000840
2056140
2006980
1994580
2020370
1849340
1899040
2014700
1964340
1867360
1988660
2050880
2021150
1907160
1866690
2050550
2018630
1986090
1884730
2013560
1964710
1949530
1849180
1986960
1903010
1910640
1993790
1943330
1876310
1952110
1913650
2021470
1848830
1856960
2019350
1867090
1984500
1874020
1996960
1849770
2015150
18510
1982300
1997760
2057960
1857350
1948660
1883180
1866270
1885740
1889210
1873730
1978530
1913340
1854880
1855400
2006780
1933360
1935950
1932090
1992510
1864640
1953400
1865300
1869340
1857820
1926540
1885390
1869240
1949450
2000640
1994250
1913390
1882030
2009810
1859040
1956450
1975600
1859340
1982780
1903700
1859780
1893160
18610
1900060
2018170
1876080
1894180
1909580
1864920
1903890
1861270
1866940
2026200
1864450
1960960
1933200
1990150
1999690
1953160
1920310
1863880
2051030
1913520
1987390
2021450
1870530
1923280
1960150
1962960
1867030
1867340
1998210
1982710
1952700
1896740
1956010
2019900
1874250
1955460
1896440
1868830
1869180
1923370
1891050
1954140
18710
2057480
1870640
1870680
2006850
2021890
1877730
1872930
1873790
1974490
1952070
1934460
1968920
1872370
2027640
2016920
1995900
1913030
1873770
2015920
2055340
1889470
1942800
1884270
1949430
1988840
1948270
1877740
1878510
2019540
1877310
1877450
2017250
1968960
2006590
2017170
2004690
1879660
1949320
2004050
1958090
1923740
2001450
1886520
1962830
1999480
1881230
1909470
1917690
1906380
18800
1923090
1891020
1976340
1890150
1883640
1887390
1884070
1973120
2020620
1932620
2020410
1972620
1961570
1928170
1888850
1989550
1891200
1886190
1888250
1966760
1886970
2018090
2019120
2015340
1888140
1895730
1916030
1904340
1902190
2001940
1915750
2057140
1913460
1895380
1988060
1952880
1932070
1971550
2013510
1949070
1899860
2051550
1976370
2012810
1892480
1919230
1989590
1892960
1893110
1972430
1987430
1971140
1942460
1895030
1926040
1894610
1931030
1978770
1960370
1965880
1934240
2003250
1896350
1980210
1913430
1898510
2013930
2012400
1899460
1986080
1951770
1970100
1948070
1931650
1933120
1898800
2014730
1997720
1925110
1921410
1959920
1900840
1900870
1901080
2050240
1908910
2006240
1902310
1948500
2022430
1996060
1990640
2004350
19060
1993020
1917880
1922230
1938480
1990120
1907260
2011660
1907840
2003850
1989040
2003110
1991560
1950290
1975910
1937420
1908030
1907670
2019750
1917070
1942910
1908520
1981150
1912200
2021650
1909110
1997820
1920220
1986140
2024020
1998480
1911110
1983440
1926250
1962710
1915390
1925120
1910940
1911190
1911210
1911240
1962620
1930570
1964390
1924260
1975250
1985890
1967080
1989830
1978600
2013890
1919660
2013310
1929920
1973330
1916680
2016930
2014450
1996950
1920590
2012350
1933040
2026610
2000080
1943900
1956640
2012110
2056950
1985750
1959270
1919580
2002910
1921430
1956150
19210
1983040
1920130
1982220
1921710
2021920
1939050
1921670
2058080
1948610
2025940
1949080
2016630
1962340
1942090
2018690
1988480
2026190
2054840
1992910
1977080
1996860
2010090
1925160
1965100
2010230
1988220
1995440
1962270
1935270
1977210
2018470
1946800
1958870
1926570
1940170
1926960
2022720
1927990
1954220
1981280
1960760
1970880
1930430
1952830
1932510
2055610
2003440
2006150
1972700
1986260
1986700
2024060
2001550
2001540
1951860
1958180
2011680
1931610
1965510
1963940
2007600
1963700
2027460
1936870
1941080
2019480
1999440
1987930
1967300
1949830
1977860
1983030
1959370
1945830
1980110
1939620
1990170
1955430
1936090
1947760
1947830
1936570
1947840
2013980
2024200
1942600
1936910
1941560
2060030
1948320
2012130
2018800
1937760
1938170
1995650
1959590
2051070
1939360
2055040
2025620
2026220
2009870
2050500
2012060
1943200
1942200
1963650
2022320
2004000
2004750
1954120
1941880
1980370
1956900
1979010
1979770
1979030
2010330
2004720
1978310
2009060
1950010
2052440
1953260
2051790
1951190
1953270
1993750
2020440
1999200
2002810
1946400
2023570
2024250
1956970
1961140
1968370
2010190
2025430
1954730
1966790
1982800
1993130
1963100
1988420
2012980
1960690
2017470
1994870
2052400
19510
1999340
1991680
2018200
1957470
2026110
2001390
1987890
1951080
2023290
1957090
1951570
2017320
2026600
1966510
1964910
2051260
2004450
1952600
1981990
1980640
1953180
1952940
2015290
2002960
2054960
2053550
2050610
1966990
1955590
1997600
1959320
1964730
1991430
2054490
1958110
1979150
1994560
1971030
1990410
2055640
1958480
2007230
2017690
1969450
1957740
1956870
1963770
1972210
1958930
1957950
2001490
1958080
1974430
1958630
1983530
1960390
1982400
1988230
1965570
2051810
2013810
1986110
2018620
1997100
1981460
1980180
2008150
1989220
2056660
1994150
2012860
1962040
2012640
1982890
2009660
2020600
2000660
2016860
1964550
2023470
1986220
2007340
2027900
1995610
1993690
1970190
1965080
2027320
1965630
2024850
2054210
2011280
2020290
2057160
1991640
1991080
1969470
1969480
1990970
1967730
2059120
1968090
1972760
1990020
2027620
2003120
1968900
1996170
2016150
1993330
2022580
2051860
2005450
2053180
1969540
1979840
2052800
1990950
2027950
2015800
2015730
1973480
2000410
2003290
1981490
1984280
2023100
1998080
2056290
1972000
1972510
1995020
1982040
2003980
2053150
1972860
2021810
2023870
1993240
2015570
2019820
2025350
2056350
1992920
2055710
1975130
2021400
1975060
2059470
1996560
2001620
2057200
2015970
2015400
2020350
1985800
2027990
1981070
1984100
1976900
2011090
1977120
2055250
1977850
1977790
2003130
2017390
2008340
2057050
1995250
2001630
2021480
1983720
1999670
1981390
1982280
2000680
2020150
2013390
1994890
2008680
2002630
1985310
2013000
2014310
1998270
1987640
1987510
2007810
2013350
2051230
1993070
2002640
1995500
2024180
2002680
2011290
1996690
2019560
2012210
1999530
2024040
2020700
2000060
205700
201160
2023860
2009700
205750
216690
2018920
201060
2006270
2008030
219850
2007310
2007830
2022530
2008940
2054170
2058900
2020010
2020450
2011670
2012370
34350
2020660
2012920
2014320
2018040
2027480
205370
2015060
2016270
2016990
2027720
215020
2053710
2027410
2020100
232930
2021430
215220
2022130
209040
2027340
206650
2026090
210130
203530
222300
204610
210310
204010
207130
208070
222400
226140
2053730
2051850
212560
2053070
2053610
2054980
2057560
214070
214090
240570
212840
20720
207970
207990
20730
338680
219030
207510
208010
233490
221770
219520
210720
211090
210740
212860
2120
21020
210500
212140
214810
206730
214710
224660
21310
213490
213870
21410
221620
217830
219240
220480
223370
217470
21510
215180
217160
220720
21630
219660
216310
21650
218110
257190
218290
223920
223090
223570
225580
33290
221660
219
9080
22010
228860
224120
220840
22110
221030
22170
329260
226540
247750
22220
257140
227420
226240
224520
231350
258150
227960
1553300
22690
22620
22660
22680
231120
270660
233030
264850
530090
233050
241890
325760
249150
9130
233070
23320
237130
249970
233710
39100
238510
22160
23470
246170
33560
9090
236810
23520
240240
673410
242180
373960
23610
247260
247890
296200
268030
553090
273130
346640
243820
262880
243340
242590
264660
265100
24430
335180
282230
294260
246540
246340
250010
246640
250790
311950
267890
317910
270680
241700
254150
254560
273450
47760
2510
246440
246660
285540
301170
275710
738780
304570
300790
265530
287440
25510
272390
255440
25610
286650
298000
25710
257380
307810
865380
22150
271880
313030
264930
315510
304600
26010
300930
316450
292690
318170
339890
1107410
1683930
501490
271210
329500
285600
328300
26510
312330
304610
281170
294400
1172740
273280
282250
294270
436810
289740
26810
329960
26910
294250
279120
542810
372500
299130
1517070
27040
348110
288330
27030
277990
441960
2730
1031150
282270
27610
459380
390020
27910
332470
1960350
27930
28020
287240
213450
320290
304440
291950
322670
384730
299330
1193240
313290
285690
312260
321630
313680
433860
323770
288460
349800
537570
309890
327900
294350
29140
295500
29150
29170
29200
304520
317160
317560
318780
306500
331270
337050
326260
298010
300730
300130
394790
302230
362050
298920
450510
315690
305450
372580
303630
305140
319260
320880
318080
338010
347120
319390
303990
305440
530210
329350
321020
334600
317210
432970
371800
379630
319620
387140
620400
380050
368320
392320
337380
312590
314390
312060
313920
316870
312930
318450
314490
316050
397050
316900
493600
316100
400320
535790
333140
31500
437150
316040
332300
348610
333670
316090
374890
318820
316850
3190
31710
326440
612970
326800
370520
317750
1722490
318320
318340
348320
31940
31950
419060
319130
31960
321010
324460
319340
382500
31970
31990
3210
32010
366820
380970
384350
328530
32117
32127
323760
337430
32162
1163840
32210
395510
327240
377020
324490
369010
605890
333500
394190
344470
384050
3280
465420
454490
335410
327870
328560
494340
337310
338490
344000
495860
360250
330800
407040
33140
33150
33160
33170
333270
333200
387000
354110
33190
334860
348010
345000
334660
33400
375980
334880
334820
877090
347910
347680
347920
335680
335970
337710
447840
353020
337830
57610
377770
399760
407960
1676650
337640
639580
339750
359120
994970
372070
350720
381600
351020
33970
339360
339520
376190
846140
353320
65760
341480
1213970
396190
341210
356860
350230
438170
34050
340740
340890
340980
349560
1326530
346690
381770
350870
374360
580920
366430
344150
347780
354320
366900
401400
969170
358780
344920
343380
365490
398430
371070
348920
362710
34510
423370
972980
378380
355660
34620
379250
347010
877700
34660
353240
355870
515880
1974450
598830
34880
34910
34930
383430
512980
349620
923280
35050
350400
382060
379970
361070
393630
383570
351270
1395820
35150
366480
35020
351540
3522
372180
359110
405350
3532
380930
35490
1428450
104300
379040
363740
435520
630580
358010
355550
1392930
630880
367320
3562
356010
853650
456290
356810
3572
35710
204260
441990
3582
3592
388580
1178040
408470
364920
401350
612950
359980
3602
392960
600160
360560
3612
366680
3622
408180
365630
393500
1443930
387380
363810
438050
367190
365220
374540
1078720
588220
402050
400330
368440
369730
366630
395070
373350
370900
451380
36930
36920
402410
480470
1065790
370530
374130
372410
386780
466590
371130
373250
427090
372730
374210
372860
422170
476910
372700
612280
443640
573310
383920
398440
37410
518070
384670
455420
423670
37510
389440
375140
673710
1103170
375890
375560
456400
435130
451810
385820
544700
436310
540030
37810
646690
501130
500510
737770
519050
479030
380720
1298250
530600
406820
3850
554850
395210
410680
383470
434640
1403910
511970
401300
396490
1217980
615430
401220
388310
398600
436700
1107150
393730
517690
386530
539230
38710
399280
38730
38750
388350
569880
453760
396290
390640
38910
891900
394350
390800
1932880
395970
585380
525930
1017470
582120
582140
391450
39230
436130
485050
432530
460180
469680
430430
393270
394710
475110
458080
39590
426900
396240
403210
505890
65520
398280
397170
578840
541120
1950430
397790
441690
39810
497770
445490
399010
1582140
410
1610780
416440
873100
429630
464140
40140
410030
648970
435090
438590
403020
409150
410800
40310
404760
40360
596060
440350
202610
40410
40430
612420
436800
40510
507130
406660
469750
547610
40710
823860
616730
417520
408010
1138050
444980
739140
408530
455660
455620
436880
487470
436730
2013840
410920
41110
519100
414050
411580
460500
41220
456020
431320
415870
431420
474860
563980
622780
1475410
1725970
454300
41510
609470
424220
622940
416100
557910
626590
41670
416650
417420
572460
457000
41810
422160
427630
547490
1564440
418840
647520
1378130
1310340
459560
42190
421640
224640
421830
498880
538380
1422530
423130
423330
423450
1166560
424070
435220
432810
458930
426110
428090
474850
828390
426340
452280
1436500
428030
428050
498290
525980
666830
597130
73050
1442330
859110
550350
4310
680710
20560
455510
664540
432660
1372770
442720
432220
460450
438380
563630
932000
454920
433050
622050
489640
523950
491230
441490
434550
434760
436170
1322140
435390
821590
471880
437860
550700
1131860
478200
461470
625570
437050
444660
465400
442790
513280
520570
458010
442280
438250
628220
443270
556430
457350
507540
441370
495880
564240
439760
439780
441750
444750
455920
44110
452850
4440
622860
445790
248140
465560
444600
444910
508920
617010
529850
446320
446340
531220
467070
449190
516490
506860
485710
567410
1505330
609980
454360
1070270
529980
45010
488110
472850
503810
445440
45310
545810
571640
45430
559700
454590
45460
462360
456100
454980
623220
455950
456030
9300
1807780
787830
524130
9320
9330
458120
458880
1504600
465940
459320
779080
524860
459860
46010
597080
612850
552530
501360
528690
576330
461300
542140
461660
465120
534970
487410
463080
466930
559690
463330
465550
603440
536880
499930
639200
528280
466460
464390
479220
1185030
510690
465470
571480
465950
46610
466440
1240870
556930
485100
476690
485070
569470
489540
574130
470570
4710
471900
470160
471610
500490
470800
474770
784980
476250
750750
521370
650560
646060
629260
516660
698460
583050
476500
493860
645950
482370
510640
4810
4820
48010
609380
498420
489620
48280
487390
483830
512140
484360
570080
493360
491600
571450
507310
517390
809860
563110
498010
493910
48710
500330
488800
487510
48810
494400
1446020
540200
489350
500650
494480
497330
522600
493940
536550
874470
532860
529600
543080
492380
565480
49340
49460
1056300
670690
494550
522680
49480
494950
495270
527090
642810
502390
551530
668160
49610
536390
496090
521070
553080
499320
504590
530050
939770
596030
505720
501240
863330
503930
538450
503760
558980
503250
503260
670860
503040
50010
745780
694350
500830
512500
560610
535660
50280
583710
1226270
502260
502620
510470
503790
204980
503500
697720
541820
691970
516630
1201780
1122380
607730
615440
754260
1321330
538890
506180
561710
508640
636650
1235960
534180
538580
509810
575220
510720
515050
510950
512950
516350
516670
524210
511710
605420
566840
531210
538440
520260
517410
526260
530570
585400
607540
528870
518420
558500
520740
522480
516990
597880
880170
565420
517250
523260
541950
608740
519880
596930
575180
535810
520160
802580
630250
620510
530190
557220
530840
914360
562080
538740
525320
522910
1002400
527980
1274130
524880
731990
524410
524530
524550
524570
525140
582180
525340
526770
525490
746970
553200
625210
526320
556170
541250
550480
537240
527860
881070
560980
530410
571090
550410
580250
858350
538420
529310
532010
572200
587600
529740
532280
566770
533140
568790
532140
625260
533100
531060
550530
561820
535470
1210810
605660
894550
552810
544430
563990
626230
536330
592210
539250
535450
604320
599030
579550
601720
536860
540210
702590
580110
554650
1326030
577650
538340
551350
542510
614010
541890
540670
627610
607710
1649910
894850
577200
542390
555110
593350
572140
543990
544010
1021980
885540
862090
586510
548300
697990
1046450
548160
547550
563770
550690
793580
551540
569670
558280
561580
939070
558770
548000
560520
1428910
625640
622570
551020
55410
973430
814930
580550
923600
1348010
552730
555020
588740
573990
55370
889590
686080
2008580
702000
557980
1936730
556660
555910
569580
913620
592880
590260
557540
557560
707840
557840
605010
557800
557710
558710
802620
558430
624480
625440
569170
976910
648860
615360
560780
930720
1430130
605300
573560
630990
564800
1631970
573630
604020
568210
565440
565990
579600
604440
585530
584590
573480
631890
568870
580070
568620
569650
57010
1016220
572150
571700
57210
1989810
573250
842090
646880
726670
200240
909450
579970
598750
640730
633090
57710
605170
1132650
662420
576900
57750
785010
204920
1325750
579460
1442760
578940
619760
584870
820060
620440
603540
1262250
58220
583020
583940
759670
600400
601070
763920
693900
604940
809190
715130
58580
586370
631300
599920
603690
1442830
589120
594520
777490
620300
849040
703830
591590
1398160
659310
1300930
751070
869360
622900
678720
1298800
694100
615030
1410630
596510
594670
1115680
772040
1399970
663270
852970
596550
651410
704870
596900
596920
1920350
613340
639210
598650
630760
1023830
606220
620160
600730
1019100
601090
746250
627990
757570
605440
670040
1333060
1676220
742910
629390
607220
1117050
605570
704330
604470
1436530
829130
685320
604080
603980
612830
687470
941420
631190
615100
1198990
604580
1320290
606170
644940
698120
1031980
60610
1098020
1310030
841850
644730
618110
60810
654230
1213200
854420
609770
728080
1297140
610990
611890
611650
625390
739970
771210
6130
748190
1322480
646990
754730
633830
614230
653150
615960
625750
617070
632030
1323680
1411130
61720
617540
617730
636280
1059870
627340
817320
636770
618580
646190
663180
731350
1256460
1931450
620250
1320900
878530
813070
623770
1167240
1047080
809290
649500
6230
645300
635740
625290
970520
645560
1315380
1277200
1079700
1956780
6260
787660
693220
626000
726310
626670
1318460
629510
1125440
633070
633340
650640
878070
632810
629610
667480
630840
640020
6320
1095390
1191090
636060
710680
705900
649090
649830
633200
633590
633610
210470
705360
634820
864720
639510
704240
635840
646290
1647380
1997180
639660
1153770
726530
673080
6410
207770
835280
733950
1367870
877210
727270
1099490
644840
702140
646080
1573660
643580
1133860
646130
645140
954550
734530
1340190
1352390
1310220
646870
798580
646340
863370
1075340
691290
1036650
689420
648030
1190730
648520
648540
700370
810370
961500
881340
650710
692520
1392050
690720
740850
6580
1541460
773310
954230
1027040
654460
652220
734060
652350
686840
674080
868840
1917100
676950
884510
653730
655840
65410
680600
819450
695030
656820
712800
729830
858990
761560
708350
1268220
204050
222700
797210
201680
713990
672560
965790
988630
1316920
776240
740210
659240
1388120
660870
322610
757930
791250
660910
661980
662850
686560
1115740
962590
688920
661850
1142700
664070
841170
754420
1328250
701560
1173670
663070
827200
838450
1080980
1074020
691400
723550
1405710
1081390
664800
755990
665710
841080
666970
666180
1762180
671910
944570
689220
667280
739300
1524130
880290
757150
1298760
671410
687780
965530
1094240
1599140
672200
696610
673790
67010
670300
670360
670530
844710
746170
684280
1198500
685180
1043650
671210
738120
853890
680470
673030
1355270
828130
1358980
746150
1633340
697170
786550
957340
759300
204410
881950
706660
674560
818110
675190
675250
1812100
676140
778490
1291580
771740
708320
682650
701750
680610
1884710
791650
1192670
679250
768160
680430
1326590
1435990
699030
725130
1000840
681120
760190
701000
1328450
1668500
2013200
832090
991690
685380
698290
1239190
744090
735400
684070
701500
700150
727710
852440
749630
6950
713880
728500
6940
1019770
6930
688010
2019190
1138840
690990
736270
689510
816540
1641850
689690
744160
706830
1295780
794610
690230
733330
2052980
915980
1101560
862550
759380
747680
693660
886750
692960
761240
694360
746160
1821240
725310
734520
696290
741060
748170
1088300
696920
735690
702920
701520
721930
1026570
714900
7030
1809030
700500
944940
723120
7050
70130
70140
201720
701650
727600
70220
70230
70310
788290
760830
70410
70430
1073940
843070
1219640
70510
705140
747530
1400570
1995200
705580
860060
973330
781470
721910
708040
708410
775510
70910
780650
809820
747300
716320
1112140
730230
753080
714160
711250
711340
711360
1264380
758360
721330
713000
202290
1065300
715750
1326050
715450
1312850
716120
718950
856030
717500
752260
773100
797560
804340
829620
733130
1433700
744080
797230
1336540
823460
1313250
743870
721490
721770
1074580
7230
749490
722610
818000
722650
727160
730640
1834520
730020
72410
1314910
724620
724240
726440
1728720
738890
725860
785200
1700150
11000
7280
1950150
726240
726470
748000
1595680
928050
804820
761400
819580
728430
761530
1189370
786860
772140
203670
730940
1293490
731370
1639350
1040220
733000
1265880
733600
1719020
753430
1666120
780470
881800
756550
755650
1226280
736310
817050
739230
780860
1143920
1296270
741980
743590
1119420
969850
1639740
1226290
759420
780250
859910
1458040
1312560
740440
1444340
1073110
742000
742160
1760380
1276400
748710
958340
919420
1475930
887760
745310
752490
985060
1069770
1090890
849370
874110
751040
1660730
748900
942000
751910
1099650
749530
794590
974630
751770
753030
751930
1141200
768680
754870
980710
917110
1096660
806410
752820
752840
752860
1297940
1349240
753580
1195590
898030
993620
754280
983580
755400
908580
1047590
760910
921610
786730
775700
757220
1400500
757090
757460
761680
758110
773350
1326460
1036940
832730
759910
856780
982530
781390
1407770
841240
1322840
1026990
778660
903980
763170
927870
763940
763960
876510
764530
814520
1208970
765760
1303580
1188770
766880
939340
7710
886030
816440
1704500
779900
797580
775360
804390
769860
1505970
828940
819000
775250
1381960
800100
779750
1899850
772250
772660
772310
772330
772350
772370
772520
1894620
778920
962190
773160
775240
788460
773680
1300780
1078120
1327110
777680
1129120
775470
1665140
985450
908650
776010
776030
1980970
816950
778560
795020
820430
897130
791220
786430
1669090
835780
780490
779630
964780
830550
1388560
1317860
2054560
1000570
813950
822570
1188110
781970
1976150
785630
7890
783130
815340
783490
1174960
1073980
1516040
803810
882540
34400
786300
909650
798820
801640
1199570
1447450
796610
1182150
804790
809670
844460
791520
1055720
795300
990040
1108340
797260
1334320
823870
805620
915050
1134090
799980
793120
826530
880760
1019140
798310
1326690
809980
1078690
798620
828450
795170
1386070
1255580
805930
801070
877770
798450
996250
824180
993660
839000
829230
1140980
852710
799580
1110960
8030
800040
800060
1790440
802440
852830
800540
802170
1497620
800570
800590
800610
800630
950770
833780
862510
999370
861130
1297100
804450
804500
805130
805250
839190
855120
811050
1529360
806980
1147990
1357560
912910
809910
836710
931460
8090
845990
1037580
1904240
861990
1317030
819350
1736060
857830
1000560
813870
824350
8150
873570
1017280
995710
1069980
926460
817570
899250
816470
828310
1325600
832440
978830
1059940
8180
887190
847110
1446740
927140
981360
1112310
1505590
35110
819170
819490
872120
822730
1083630
823120
857250
822980
822820
823170
926510
1325240
973020
972130
927110
883700
848130
1318900
930890
828260
1146190
889580
854800
1178420
1097440
832400
1292000
845710
1312110
833830
833840
833850
833880
1189300
994580
950690
1042340
1204610
890460
952770
838930
890990
836680
843330
886400
1326350
1187210
1269330
904730
1162550
1418500
838060
957040
838400
1506590
990100
1487110
839950
841940
1423850
846290
842340
1127780
1407270
956840
1899640
1100310
1082380
1098050
847640
981530
1313000
863610
1655240
871130
850750
949730
919520
875330
871970
847440
866810
866820
1963870
1189940
854820
1314810
912330
2017660
895530
1293770
1262680
898060
2000330
1322940
849570
877740
850020
958030
1280140
912880
1080300
954630
963580
851620
872640
1755070
1418200
932460
2058710
969440
1455160
1114600
854600
855040
1438540
991650
855680
856180
863360
957450
863910
1045570
883820
858110
1307790
969550
874070
994760
978240
858790
859240
1049150
1533890
1211260
4260
1732880
1443440
1774690
1756040
912970
868540
1258810
863650
1323850
863820
944170
1283340
864330
1152860
1300660
1059050
898880
1614610
1683830
8720
911540
1356270
1067240
868790
8700
1084230
870960
1399310
894400
1327170
915000
870300
1778170
890100
1099000
1137090
1889910
1267200
873340
928080
932580
2024900
989360
995940
879490
1298460
1269210
875560
875650
1078900
1006540
876660
1269670
1049500
1428010
8760
878040
884540
881030
909550
1423740
1735990
881990
885300
879550
880710
8820
1320340
945840
891910
882650
970780
900250
937250
920650
1087180
883340
882450
1699150
954540
883570
919740
884490
886170
905040
913020
1083390
1506110
885130
895540
1622620
885980
886190
916200
887070
1305560
918420
892220
903590
8900
892620
893780
1702120
892140
889010
8910
889940
1314220
890960
1781970
1905170
890430
890230
890240
892530
891010
1226300
898560
958430
909870
892430
940510
905780
949550
65900
893410
976480
907740
1035870
893820
929090
907800
1061290
1311980
898100
921410
1437920
1128030
1194640
1198910
1655460
977010
1313410
981240
904620
1239410
90410
904460
985750
905100
1414340
905420
1324960
1448380
9120
1226310
1395350
908640
924060
907490
1015810
938060
939010
907290
958460
1314120
979610
1277780
1101410
1706860
981380
966030
1042120
940030
1140010
1102300
974560
915520
953390
1220860
91110
1037390
2009690
1144190
911820
1051760
1402490
1305400
913050
913510
1286450
1179900
915250
1125300
936250
924240
1698660
91610
927100
1009620
1709800
946250
1430430
214820
1525340
970080
1028670
1390750
1379250
921650
1750460
91820
91830
1474230
918390
1095740
1126960
1112290
1221020
1188640
922940
1083660
950980
1512980
945940
921620
951560
1028190
1027940
1005150
1013080
923220
1310660
1114780
1586380
1031430
92310
947320
1296590
1051660
925720
943020
1440060
942460
944790
1223730
1589350
1267570
1320130
201120
938090
1078540
946440
944900
945050
927090
1010720
1974140
1288880
932060
984100
981460
928870
1310680
930130
930090
1155740
955910
930260
994800
996090
966620
941880
931900
1108670
1253290
935600
936750
1011040
994330
941010
950920
945640
1256820
1544160
1093460
1071830
970270
940250
954370
1006870
939630
936920
1403980
1144930
990070
946140
986050
1011060
950940
1534150
952690
941450
1058700
939910
1110480
985550
1917380
1376510
942420
1361550
1086200
972090
985140
1306080
1072970
978890
212350
969160
1364910
944660
1756010
1072080
9440
1206220
989530
987650
1632070
954200
1029880
1895840
1119580
996410
949440
1313980
1538690
975440
952630
9510
980240
994000
1405690
1047980
1598420
956290
961320
961370
1039630
1309220
975450
95310
953160
1247990
957210
974260
954290
1325150
954510
954480
954460
1114970
1261330
977280
961360
961350
961340
964000
1408010
1066560
977330
998900
1048390
1331260
1445330
1035040
1555120
980180
1301450
959780
96010
961020
960790
1048290
1248980
989730
201090
1661660
964200
1220350
963420
1038420
1085980
964280
1668200
1185970
1376410
1286430
981340
968750
1165710
984550
1416790
1024420
1045200
1439240
1088270
972840
1338200
1066640
1017570
1008170
972530
1034680
989670
97010
1059950
973460
1312710
971730
1202910
2020240
1379910
97340
1006910
1041420
975480
985700
975780
1012740
1177230
981810
1325630
977710
1206170
982810
1226320
1226330
998870
1018940
1166020
992030
1328180
984700
1385040
1017530
1099540
1112510
1003280
1113260
1060140
1027150
2017810
1211290
1433150
1021730
1589900
1111230
1007310
1525800
984010
983800
1760610
1004720
983950
1208100
1226340
200030
984490
1133600
1046020
1000740
1264690
1104950
1269000
98610
1774050
988350
988720
1084780
1015560
1000060
1006480
996260
1577360
1047000
1815770
991610
1208310
1107280
1431360
1750220
1403420
990010
1211000
1720730
1161530
1224300
1229000
1028450
1056030
992270
994060
992370
1402810
992830
1088690
992710
1303540
1018180
1172320
1325660
1026460
9950
1018650
1100580
1007620
1099760
1307100
1313450
1376130
1001210
1326380
996520
1207270
1001850
1014910
1098920
1313990
1060430
1121830
9998
1226350
1016050