1970100
2013570
1952410
2008340
1992330
2020580
1960410
2001950
1642370
1591770
1992900
1326050
1987090
2023830
1879930
1960420
1602790
1325100
1919890
1952610
1961470
1993130
1650980
1210600
1771080
1961360
1995770
1952700
2000330
2018590
1913910
2020890
2020320
1966350
1881400
1313080
2011930
1402040
1490520
1658690
1961350
1926580
1940810
1960690
1990970
2019780
1975870
1985330
2052470
2022870
1999410
1983040
2020940
2020240
1985480
1714870
1431000
1974450
2009590
1967600
1310220
1979010
1661050
2019930
2017180
1535020
2004000
2014290
2000620
2010430
1798960
1628320
2001550
2005620
2018090
2016860
2051430
1478280
1931450
2015730
1588800
1986260
1966250
2021470
1951270
1990120
2054490
1998210
1805630
1775280
2012110
2001820
1997180
2024250
1310960
1986140
2015970
1960130
1642410
2004920
1765110
1875010
2008690
2023470
1955460
1979870
1891910
1299640
2011280
1400500
1935700
1971060
1977400
1414880
1914930
1915570
1976150
2018970
1933200
1658130
1947520
1997350
1864920
1445330
1402240
1923740
1652820
1658790
1970810
1999420
2052850
1823240
2012150
2024180
1982890
2053420
1661660
2023700
1982710
1992690
1408270
1980210
2022840
1704580
1418500
2020370
2003890
1934170
2052330
1662780
2055950
1750730
1967720
1982580
2001540
2020060
1629540
2015350
2008660
1953160
1660730
1728930
2004560
2014640
2017240
2051980
1689380
1995020
1402220
2015800
1970390
1405680
1488520
2018400
1938570
1971550
1711660
1999580
1532890
1991740
2013410
1768290
1964660
1427500
2018750
1304570
1908910
1971030
2013840
1984780
1985280
1546700
1982770
2024960
2022730
2001600
1937760
1977180
1968370
2012980
2027990
1993040
1746360
1942800
1977020
1866550
1915640
1538560
1963380
2020050
2012870
1913390
2014730
1972530
1835900
2005840
1454210
1514800
1904110
1935270
1933120
1852270
1776770
1974430
2006100
1966320
1954120
1442330
1772290
2006780
1958450
2051550
1997100
2009060
2003780
2017390
2013490
1402730
2003290
2002490
2004310
1544800
1990640
2024060
1410630
1277620
1980110
1948610
1601490
1799540
1598420
1651040
1313440
1865190
1951770
2021420
1960750
1536450
1657300
2052930
1316320
1856960
2017310
2006880
2017280
1949830
2016930
2006850
1659660
1947770
2004150
2015290
1609400
1845990
2018650
2015590
2051860
1732040
2027950
2017810
2018680
1996400
1608030
1728790
1429120
1983810
1566760
1983310
1935010
1988180
1982400
2023660
2023870
1979250
1978310
1976010
2016870
1668370
1489260
1953480
1768750
1655240
2020900
2010190
2004470
2013260
1907840
2021020
1205280
1993020
1891200
1994150
1538690
2021810
2019600
2017250
2018150
1325440
2006240
2018890
1509490
2019150
2052620
1999640
2020720
1909110
1950260
1996170
1999340
2023750
1587270
2012130
1957470
2052980
1066560
2057050
1960390
1989400
1979780
1956080
1797920
2013930
1669540
1666060
1648710
1732200
2022320
1992720
1947590
2020600
2002960
1988450
1992910
2053720
2019030
1544870
1973480
1976560
1953290
1861790
1972430
2026780
2008190
1812190
1894180
2017710
2009050
2008150
1699150
1519460
1964910
1949530
1412920
1606070
1990150
2006980
1978770
2007340
2020230
1794080
1969090
1961700
1501430
2027770
2013560
1926150
2026200
1320210
1960940
2001450
1843210
1988840
2017070
1952070
1891730
1306960
1898230
2025430
2012230
1964160
2052500
2002910
1996110
2008970
1819910
1986110
1918910
2007090
1703590
2018200
2021450
1964730
1961070
1955430
1915390
1839720
2001490
1989590
2019450
1663350
2003480
1943320
1923260
2011050
1999440
2019900
2020290
2011380
1914860
1988220
2018800
1907530
2021490
690230
1995140
2009810
1997760
2050410
1423850
1591790
2027800
1954730
1535890
1941560
1730200
1976340
832440
1980970
1993250
1950740
1443140
1965500
2003120
1542940
1588990
1623800
1984280
1644470
1963820
1962300
1217700
2020740
1435490
1924750
1972700
1970130
2009710
1932930
2012860
2019430
2026680
2022430
1946500
1964550
2024020
1910640
1960960
1668900
1987430
1969270
1982570
1761410
2017470
1923980
2010090
1920350
1996150
1965510
1862510
1328020
1892480
2000410
2055520
1326350
1952940
2025940
2006150
1990950
2012480
1921410
2002750
1935390
1999200
2011660
2051950
2020360
1956870
2014250
1540750
2051810
1897620
1792420
1660720
1316620
2013980
2020760
2025350
1958030
2013100
1952600
2056350
1408750
2054840
1849180
1723670
2027980
1619020
1566650
2018470
1893610
1962340
2052800
2025010
1888400
1521350
1525340
1973340
2013810
2018690
2018880
1288880
1984700
1866520
1289930
1779140
1895510
2022200
2022240
1381540
1948320
2052400
1652590
1315790
1325810
1079080
1978270
1985890
1954700
2018290
2055250
2000080
2027320
1962620
2025400
2021160
2013960
1891050
2021400
2057530
1849030
1868690
2024000
1956150
1652470
1958840
1975200
1670400
1907160
1955660
1899510
2056140
2024200
2016920
2022580
2020300
1796730
1799640
1965080
1989810
1789610
2051260
1574520
1618670
2022720
1984500
2015870
1814760
1902000
2020970
1924260
1578510
1893160
1806390
1974140
2008140
1568140
1982780
1702520
2055080
1997000
1589960
1975880
1298290
1997720
2053150
1980370
2008520
1989550
2009680
2053180
1842420
1969580
1673170
1542830
2053430
2026610
1401770
1617810
1978600
1779820
1823960
1954140
2056660
2004690
1624650
1996560
1987850
2013940
2013200
2006590
2017650
2005940
1959590
2054550
2051610
1773610
1964390
1965810
2050240
1977860
1994340
1943100
1440000
2020250
2026210
2020200
1597380
2018770
1665410
1969450
2014710
1976790
1977210
2020440
1911480
1952660
1660650
1642240
1935650
1597620
1871040
1985730
2012060
2015980
2011680
1399330
1898800
1317520
1978120
1942090
2013310
1960370
2026620
1794260
2015400
2027020
2010230
1945830
1866940
1897390
1479410
1947840
2015920
1887210
2055610
2026360
2001740
1936910
1990170
670530
1981280
1757070
2007330
1921420
1835300
1966760
1877740
1994250
2019500
1956010
1988160
1913650
2025690
1652790
2020350
1318330
1494880
1193480
1475720
1910940
2009660
2003720
2027900
697990
1775910
2016520
1979840
1963100
1440660
2056950
1979750
1983440
2027080
1868660
1948070
1972620
1973120
2001100
2008540
1975250
1444960
1164900
1998480
1999480
1657370
2055340
1997600
1976370
2018390
2017690
1949070
2012400
1659850
1971860
1643110
1935260
1949450
1988230
1968090
1970190
1975630
1617250
1948710
1913340
1631550
1790660
2018180
1928720
1977080
1929920
2055040
2050880
1967080
1936870
1983030
1654650
1316940
2054210
2020140
2053120
2000640
1963650
1969540
1857820
2055640
1946920
1987930
1986050
1975740
1936340
1966710
2012640
1888250
1937870
1996480
1795590
1867220
1980640
1996950
1996120
2016360
2020620
2013470
1975130
2053780
1821470
1878860
1966510
1904340
2018710
2017320
1898510
1925260
1966050
2001390
2026110
1952110
2020280
1990750
1970990
1953260
2011090
1966990
2023100
1920590
2011390
1858800
1977790
1911210
1977820
1647340
1951360
1871320
1951570
1840930
2016630
1969660
1917250
2023290
1859440
2053550
1728070
2023040
1932090
1963700
2057160
1946800
2050610
2051930
2009870
1979710
1939030
2014190
2026220
1932620
2016150
2022660
2054960
2023570
984700
1980960
1920220
1298810
1891180
1919660
1900840
1903010
1993500
1943900
2009910
1997820
1954220
2014700
1970880
1443860
1996960
2027640
2019120
2019890
1973520
1966790
2026320
1956540
2051800
2003850
2051070
2014450
1977650
2012350
1984100
1846110
1516740
2005200
2018620
2002040
2053480
2003250
1956450
2024540
1968900
1999690
1989830
1957950
2023410
1318900
1590350
1950010
2022340
1947830
1806990
1596960
2020410
1963770
2057480
2054630
1542320
1996860
2010810
1917690
2020390
1921800
1958480
1981150
1958110
1269380
1728990
1524600
2018630
1969290
1959320
1958080
1807180
2052440
2021150
1998080
1644570
1901080
1899860
1979770
1664330
2018170
1964170
2021890
1768760
1658380
2016340
1947760
1949430
1972210
1539230
2026600
1995200
1987180
2027500
1948270
1657940
2005450
1821240
1916030
1988420