2054980
2022130
2020620
2053500
2055020
2052800
2024040
2012700
2018170
2057050
2056950
2018680
1999690

1992690
2057480
2054490
2017470
2051860
2055950
2007090
2026620
2026610
2026600
2008160
2027950
2053730
1977180
1978770
2020300
1989550
2017310
1979750
2055040
2052330
2056140
2052850
868840
2027640
1952700
2050240
1951770
1988060
2026780
2021810
2056660
2057160
2000620
2051430
1971550
2020580
1823240
1951270
1983310
1661050
2027770
2019600
1962620
2006780
1923260
1668370
2021420
2020900
1988840
2013960
2015570
2021160
1992330
1934170
1963700
1977020
1995020
1975250
2019930
2021470
2052620
2020940
2013310
2054210
2001390
2004150
2027500
1966350
2053420
1966790
2026200
2052470
1993040
1535890
1965510
1969270
2019430
2014700
2021890
2055710
2023750
2051610
2027320
2008150
2009590
2019150
2017710
1982770
2008190
2052400
1994150
2019030
2055610
1949530
2027980
1915640
2023290
1967600
2050880
1997350
2053070
2056350
1983040
2005840
1879930
2053480
2051980
2011050
1960690
2015970
2014250
1973340
1915390
2004310
2023700
1974180
2052500
1984700
1976560
1984280
2054560
1972210
2021490
2025400
2013490
1994340
1990750
1993020
2020050
2011930
2051230
2055340
1996170
2052930
1992720
2052980
1956150
1990120
2001540
2023040
1962250
1967730
2053780
2012400
2020060
2017320
1995860
2020390
1975740
1956010
2015400
2025690
2015800
1079080
2024180
2013410
1982710
1963380
1992900
2007340
2055250
2012860
1960370
2001600
2015730
2027020
1991740
2026210
2012870
2026220
1972430
1897390
2023470
2002910
2018980
2020890
1988220
2020820
2017180
1992910
2006880
2020360
2022580
2019490
1980210
2051790
2053150
1947590
2055640
2004920
2025010
1977860
2055080
2012480
2006150
2025350
1771080
2017690
1968370
1925120
2023830
2020370
2054550
2018470
2027990
2053180
2022730
2003290
2014730
2014640
1917250
2024060
2051800
2020350
2055520
2015920
1399330
2004690
1971060
2010190
1966320
2016930
1544870
2017390
2022660
2022870
1909110
2022720
1984970
2020410
2016870
1835900
2053120
2024200
2054960
2051930
1895510
1999410
2054840
1798960
2000330
2012110
2051400
1958930
1538560
2027720
2027080
1891910
2051030
1937760
2026480
2026320
1952110
2051810
1670400
2054630
2024900
2008690
1978960
2005450
1824470
2051850
2025620
2023870
1988180
2051950
1923090
1950090
2053550
2025430
2002680
2010810
1975630
2027460
1961350
1996400
2024000
2001550
2008140
2020810
2053720
2018770
2020970
1861790
2027410
1962280
1985330
2022340
2012980
2019500
2053710
2050410
1996110
1999670
2009260
1982580
1935010
2008340
2013570
1628320
1958450
1990150
1961360
1955660
1993250
2001950
2053430
1960410
1977210
2020230
1977400
2052440
2006850
2017660
2020280
2051070
2024020
1919890
2051260
2018040
2027800
2020440
2004000
1893160
1966050
2021450
2021430
2026190
2024800
1982800
2022240
2050550
2013810
1982400
2027900
2022430
1965810
2012920
2020450
2023220
1969580
1953400
2026360
2026770
2007830
1994830
2015590
1948270
2006270
1970390
2014110
2018750
2023410
2025940
2021400
2019350
2026110
2024250
2025640
2021480
1986110
2018920
2020660
2024540
1989470
1958840
2020100
2021920
1966710
1951570
1789610
1969540
2020700
2002040
1891020
2020740
2013470
2012150
1999640
2005620
2023660
2020600
2009060
2005940
2008970
2013560
2019560
1702520
2023860
1990170
1951360
2000430
1795590
1966990
2019890
1984780
2016990
1931450
1970990
2013450
2020320
2011390
1964660
1976150
1999340
2016150
1989400
1933120
2014290
2018890
1989040
1961470
2016520
1315790
2011280
2020760
1974450
1952610
1960420
2001490
1946920
1964390
1978600
1597380
1967720
2023570
1988230
2017240
1993690
1984500
2003890
1711660
2008660
2009660
2014190
2020290
1969090
2001820
2018590
1960130
1979870
2014710
2022320
2022840
2003250
2006240
2012130
1892960
2023100
2011090
1956870
1962300
2013200
2021150
2020250
2020720
1948500
2012060
2013260
2019450
1996120
1975130
2021650
1990640
2003820
2002960
1975880
2013940
2006590
1999200
1955460
1974430
2007310
2020200
1997100
2012350
1998480
1989590
2014450
2010230
2000080
2011660
2016630
2018710
1976340
2022530
1602790
1943320
2020240
1995770
1975870
1964910
2011380
1986050
2016360
2009680
2017250
2020010
2013930
2017280
2022200
1996150
2018970
1994250
2004450
1997820
2015870
1972530
1980970
1963820
1871040
2020140
2017650
1989810
1894620
1728070
1998210
2018620
2004560
2018090
1997720
1996480
2018390
1968090
2018400
1539910
2012230
2018200
1960960
2019900
1987930
1868660
2018180
2019120
1970130
1414460
1985470
1326480
1907300
1935270
1948660
349620
1401140
1919660
1724820
1689380
1402730
1991410
1657930
1868690
1978410
1896080
1865070
1641480
949730
2009690
1846760
1509490
1660730
1762380
2013510
2018360
1362820
1714800
1878130
617070
1536130
1405680
1316010
1418080
1763390
1490520
1591770
1714870
1536450
2055820
1918910
1078880
1982570
1318330
1978310
2002750
1854250
1475720
1953480
1908130
34910
1995900
1519460
1427500
1913650
1657300
1429120
1803960
2013390
1728790
1557250
1942090
1316620
1759660
2006980
2050500
1310850
1978270
1401640
1805630
1650840
1310710
1977650
1574520
1926150
1920260
1940810
2056230
1820820
1980180
1960750
1746360
2016880
1429050
1979250
2002490
571270
1440660
1995140
1657650
1991080
1838510
2057530
1949830
1870980
2010430
2003850
2010940
1983030
1540750
1941880
4710
1173690
2057560
1983810
1741100
465720
1866270
1914930
1819910
230310
1293680
1971860
548240
1845990
1678600
1983530
1066560
1980640
1894180
1522890
1658380
2058080
1884840
1842420
1654650
1177220
1642410
1763940
1532890
1857820
1589960
2021020
2010090
1656990
1985800
1781970
1992020
1194640
1986260
1986220
1407470
1494880
1410630
1320210
2018150
1490890
1935700
1959590
1652820
1767720
1973480
1915970
1799640
1360090
2000640
1542940
1996560
1316940
1776770
1588990
1193110
461640
1930750
1893610
1536710
1524600
1921410
1313440
1539780
1901100
2015150
1768760
1325440
1787530
1775280
1898180
2017070
1905650
1414880
1978530
1772290
1673170
1899940
1444960
984700
2017810
1402040
2003720
1669540
1961070
1666060
1936870
1979010
1867950
1326350
1661660
1915570
1997000
1649400
1939030
1400500
1650980
1858800
1985480
1992730
1997760
1971030
1740350
1782870
847440
1981280
1435490
1563280
1447450
1945830
1987090
1728990
1078230
1318900
1326050
1859450
690230
1958480
1963770
1601490
1718720
1838940
2019780
1773610
1990970
1957290
1988480
1933040
1410970
1956080
1903380
1443860
1941560
2004470
1401770
1950740
1938570
1489260
1999580
1032990
2001450
1917690
969170
1542220
1987850
1880850
1658690
1839720
1749610
1953290
1984100
1997180
1909970
385510
385511
1981150
1501430
1619020
1994680
1531210
1987370
2011450
1535020
1980370
1609400
2008520
1755940
1768290
1761410
1967080
612280
988720
512950
630840
871970
1695020
1659660
1962340
984100
646340
875330
626670
1971040
1317520
1659310
1046810
1647370
1566760
1907530
1488520
1798100
1954700
1939900
1976790
1205280
1660830
1074820
1659850
2006010
1598800
1797920
1891470
1844320
1648820
1973520
1877740
1721710
1298290
1325100
1924750
1608030
1468170
1993130
1859440
1988450
1961900
1604130
2009700
954230
1666350
1381540
1412920
1986090
2018880
1818190
1645130
1765110
2012640
2018690
1975200
1521350
697990
1900250
1996950
1703590
1730200
1979710
1975060
1664330
1679920
1759080
1901210
1913340
1924260
2012810
1948710
1408750
365630
1934240
1402220
2051550
1950260
1871560
1973170
1665410
1310220
1866520
2050610
1673040
1947520
1597620
1966230
1760390
1913390
1898230
348010
1923980
1892710
1953160
1949070
1478280
1981990
24710
1976010
1963650
1742980
1652590
1534150
1288880
1964550
1949060
1313930
1948610
1929390
1875090
1987890
1667720
1807260
1019100
1423850
1277620
1907840
1906260
2015350
1774040
861050
1657220
1759570
1792420
1622620
1914860
1887870
1744520
1311110
1846110
1413540
1491440
1999440
2019750
1959630
1910940
1910640
1515880
742910
2005600
1756650
1983440
1750100
2001810
2009910
1774050
1107370
1542920
1588800
1942700
2024960
1631310
1987430
2001940
1957050
2008680
1967270
1898510
1794550
1965100
1220860
1886900
1986140
1865730
1663350
2018650
1309480
863910
1305700
1564440
1926580
1943580
1894070
2018630
762520
1995650
1954220
1917380
1841340
1965500
1949420
1857930
1858110
1538590
864130
1706790
2013840
1985730
1540460
1995130
1509980
1870820
642810
1203340
1888840
1849480
1918200
374220
1887390
1724250
1307790
1546700
1803100
1760620
1970880
1713920
1313080
1769180
1660650
2015980
1901080
1798940
1410710
1713890
1773210
1979780
1888820
1322610
1646150
1767530
1644470
236910
1952410
2006100
1992510
1670820
1074570
1889510
1898650
1445330
1618670
1658350
2005890
1261350
1958470
1896740
1523600
620400
1911100
326220
2014310
1051140
1747890
1726830
1097520
876660
1736060
1409280
1982890
2002640
1946220
1917100
823420
1704270
1635110
2013340
1869262
2019190
1658790
2000140
1773660
1923210
1103220
1156260
921530
1208360
2001740
1834780
2009870
1217700
1886710
1128030
1977820
1316790
1830520
1710700
1881400
2018800
485100
1647170
2022790
1891670
1838050
1901280
2019540
1289930
1842600
1107280
1898760
1985890
2019440
1732340
1383380
1701660
345070
2003480
1414470
1986950
1700610
1959030
1958110
1280580
1920590
1932510
1884670
1994580
1991730
1958030
1917430
1784550
1982040
1696840
1538690
1899930
1960940
2000680
423130
1992320
1827800
1960150
731350
1987180
1991280
1606070
1542830
1956970
1328270
1761200
1525340
2050110
1991640
449960
1312870
2027480
1929310
8510
1896440
2004050
1299490
1750460
1478040
1690460
1711620
1999230
1698320
1917880
2051270
2004350
1974570
1901320
1660320
1701100
1728570
1302560
1447270
1886500
1957950
1893480
2026680
1301240
1985750
1210940
984550
1914550
1515520
1991430
1844750
1752340
1853980
1884700
1894950
1807400
1902660
1982280
1726580
1414260
1911180
1878160
1436560
1656980
1894810
1976480
1860770
1922230
1617100
1433810
1912550
1876710
1790440
1762280
1995500
1886970
2016330
1534800
1879580
1431640
1898800
1005970
2015340
1530060
1979150
1828920
1931650
1952070
1090890
1972620
1637900
1700770
2003780
1821470
1958080
1566650
1810780
1631550
317201
1960030
1562890
1416320
1825720
1961700
1725110
1784830
1815300
1454210
1401550
1854880
1837770
1721370
1749950
1760550
2009330
1947840
569580
1877530
1852270
2011800
1999310
1992990
1438740
1924630
542820
1975820
1772560
1395350
1834890
1164900
1729010
1526740
1708450
1673590
1497150
1269380
1839530
1104070
2003330
1904760
1284220
1491760
1268310
1978620
2026090
452280
1907580
1753940
1808670
1769950
1892440
1293200
1902000
2002330
1690940
1880340
1889180
1737560
1811890
1488330
1952940
1988690
2011290
1913910
1932620
1995060
1301440
1876970
1895620
1986020
1766930
1760770
1580400
515880
1315020
1972700
1912430
1324260
1709960
1834260
1992090
1908300
2001630
1591030
1908030
1939210
1459720
1905590
1996960
1825930
1164510
1118700
1677390
1527480
1589740
1994300
2008030
1837720
1709410
1840860
2013980
1878090
810770
1948070
1938170
1316320
1835300
1866330
1256820
1964710
1979770
1264540
1706290
1766570
950980
578900
1755010
2015060
2007600
2020150
1604540
1638960
2010330
1901890
1313720
1235650
1402240
1699150
1908910
1673420
1224460
1988160
1952660
2010590
2022940
1905410
1421400
1992050
1760540
1927990
1860690
1628530
1451690
1991210
281820
1824900
466460
524410
231350
2014800
1964730
456000
1017570
1312280
1017470
1479410
1632270
1980310
1489640
1614910
1817150
1894520
1651350
1321960
1535820
1522150
2002810
1955590
1591790
1400420
1773530
1946800
1304700
1408270
1440000
1310660
1968070
802870
1770060
1313000
1501180
2023260
1985990
972840
1542340
1512600
1955430
2013000
1624730
2003360
1310960
1995150
1988420
1624300
1303540
1582460
543990
1890060
1984120
1807180
1913060
1840180
1728930
1394730
1964160
1334380
1385940
2013100
1325810
1756170
2015290
1929920
1865190
1999420
1891800
1873980
1900120
1295090
1826520
1866690
1433440
1250180
2011680
2012210
1947760
1631910
1377150
2000060
1942800
859280
1949430
2019820
2009710
1839890
1759290
1953260
2009810
917970
1864920
2017970
1444340
422510
1188910
1654020
1645320
1114640
1883410
1393700
1569080
1080650
1324880
1888600
1865310
1882220
1869970
1587120
1995440
1894840
261370
1959370
1292870
1320390
2012330
1180650
670530
1326030
1760110
1950010
2004030
2018290
2003470
1930430
1911480
1742710
817320
1991560
1120510
1889910
1999530
1947770
1748420
215630
596540
2004120
1078690
1897840
1948320
1959686
1959685
1959687
1959688
1443140
1959690
2016920
1959676
1959675
1959677
1774790
1642240
1845950
1826190
1994890
1884710
1640020
1859780
2008940
1759950
1979840
1701770
1774460
1766640
1168460
1680040
1878430
1882030
537570
2016340
1935390
2005200
1518010
1361550
1718800
2000410
1897850
1962830
2010860
1081480
1936090
2008540
1835130
972351
1556440
1907320
2000840
1219950
1995200
317760
2014320
1962820
1980230
1768750
1750760
2017170
1728410
1457790
1589950
1928170
1895940
1779820
1652790
2001100
2011670
1546290
1715770
1964700
1943330
1821240
1325900
1908580
1980430
1247890
1621570
1993750
1550370
489760
1536840
1957090
1647580
2016270
1698970
1997600
1892280
1678380
1952600
1933200
310850
2003440
1740280
1977790
1909470
1576700
1210600
2013890
1978120
1756370
1970810
2007330
1990950
1178040
1937870
1899640
1660720
1652610
1466020
1632390
1758800
1560650
2009150
1986700
1528560
2006680
1906390
1542380
1059210
2003130
921640
780860
1666160
1772150
2009250
1885350
1959270
1992920
1888250
385190
2013350
1943150
1811210
1667810
1972540
1995970
1926570
1740210
1923150
1641690
1137380
1913030
958430
1591740
1880350
2007650
1406100
1807050
1140560
1413980
2001080
1541500
1973900
2007810
1973980
1987940
1409790
1903150
1553220
1644170
1029200
565990
596900
1993790
231120
1760750
1403670
1790660
1974240
1792080
1947830
1887410
1314920
1941260
1774360
1792540
1996060
857640
1881130
1987640
1760360
1491310
1315190
1701500
1378960
1914520
1537450
1872560
1421750
1912000
1487040
1904070
1432780
1899220
1566170
1765870
1843990
1987740
1320450
1645600
1311750
1741880
524570
1789630
1702120
1967300
1958870
1514750
1847520
1772670
1985280
1815590
1737040
2009230
1726060
1797560
1708330
1932070
1723070
1362210
1557790
1410350
1739050
1727360
1759620
1524130
1902160
897930
1598420
1815770
1890930
1754270
1901250
1875930
1400860
1320480
1422530
2003110
1876270
1936730
1866950
441960
1696410
213450
1500710
1397430
1817480
1807110
1775950
1963870
1940530
1715640
1666560
1437510
1899590
1794080
1769330
1579350
1980110
1835170
1957470
1125300
1908110
1312770
1444460
1699040
1444270
1814180
628440
1852720
1894830
1911710
2007660
1994870
1906200
1956810
1510160
1775180
1789430
2000660
1700000
1920220
1739820
1409750
1410690
2004720
1891730
1520110
1997200
2010060
1966760
1448500
2008360
1806900
1775920
1875010
1970800
2008580
1535310
1899100
2003980
2003930
1664310
1451650
1875960
1849670
1726000
832440
1769300
1823320
1917110
1775910
1054840
1975330
1570460
2007230
1679250
1981460
1849960
1523610
1286450
1486650
1295780
1681780
1911130
1751930
1778170
2001980
221870
1904750
221850
1651370
1993240
1989830
1471060
1825430
1139500
1996690
1738270
1971140
2004750
1949510
905040
1956460
1990410
596920
1617810
1977850
1634240
1825360
1722240
1864840
1962040
1671750
1740290
1734170
1732290
2001620
1977300
1866550
1810940
1723670
1439770
1993070
1968990
1958180
316050
1741990
2002290
1030760
1845770
813070
1772140
1656710
1734290
1888680
1652180
1871070
1404650
1996860
1470210
1737880
1734210
1424410
1976370
1969660
1901590
1568140
1961440
1161530
1990020
1524000
1299640
1541170
2003120
462690
1662420
1976580
1307560
1587270
1354640
1363220
1949080
698590
1446080
1441380
1859250
554640
1769970
671630
1925260
1985310
1987210
1083660
1568370
516820
1293270
245050
1201680
1800420
1553090
1219510
1838850
439780
439760
596550
1972510
1838840
1898220
1761720
1661250
1761070
1655500
1894800
1987390
1857610
1838520
1919930
1407270
1712010
1977080
1308710
1954120
1946500
1983720
1374180
1297880
1818680
32162
1749450
1758290
1999480
1969450
1923370
1747460
1791180
1977120
1758410
1557800
1734150
1596420
1511310
1771010
1738180
1973330
1131860
1743160
1872640
880283
1957800
1860990
1857790
1949450
1706880
1906010
1997620
1658320
1073330
1989220
1864640
1995250
1998270
1995610
1902310
1994560
1998740
1991680
1998080
1993330
1994530
1992380
1982780
1994790
1994880
1969290
1996940
1993500
1956640
1591270
1966510
1404720
1962270
1981140
1953270
1987510
1925300
1975210
1638590
1984480
1988660
1841410
1466510
1954140
1189370
1974140
1956450
1942570
1984460
1986960
1986080
1976900
1984830
1975600
1952730
1971460
1969550
1982970
1939360
1970190
1943180
1980020
1943100
1975310
1982220
1893110
1981520
1982300
1983210
1981490
1966250
1980960
1981070
1975190
1956900
1981390
1974490
1732200
1953180
1965830
1975910
1973120
1932150
1946910
1951190
1978160
1963940
1958090
1972000
1957740
1644570
1972760
1969470
1963100
1964340
1969480
1972860
1965570
1956780
1833030
1960390
1968920
1965080
1968960
1960760
1849030
1952880
1938480
1845070
1849770
1968900
1965880
1958630
1964170
1932930
1962710
1962960
1952830
1936910
1939620
1931300
1961570
1920350
1954730
1960240
1869180
1961140
1956540
1960350
1959320
1949320
1950290
1959920
1334320
1923280
1942600
1912360
1955220
1806390
1060580
1955630
1950790
1184830
1951290
1940170
1779860
1932880
1940050
1945920
1948130
1946000
1832610
1889470
1950430
1946400
1921420
1942460
1950150
1917070
1881230
1943900
1919580
1875550
1899860
1657390
1934460
1921100
1917300
1944860
1935650
1935920
1941930
1939410
1946270
1929050
1889210
1942200
1776410
1940110
1692690
1876080
1849160
1940860
1453170
1942230
1943200
1942910
1935260
1893470
1923740
1877310
1941080
1936570
1939050
1904110
1526570
1911210
1911320
1937420
1935950
1799040
1933360
1936340
1907160
1794010
1931030
1450810
1873770
1933260
1932940
1932090
1923440
1913460
1925110
1916030
1921670
1863880
1928720
1908170
1930570
1896350
1879660
1926960
1921800
1913430
1919230
1925490
1907260
1911110
1911190
1911240
1926040
1903700
1878510
1912200
1921640
1915810
1882020
1920310
1849920
1921430
1575770
1921710
1870680
1876310
1814860
1869240
1909390
1915750
1906380
1400950
1919080
1872370
1918990
1917770
1910900
1917200
1894130
1904510
1913520
1844310
1905250
1765120
1900870
1917180
1917480
1459750
1906850
1916370
1870450
1813350
1912810
1917220
1743130
1910430
1912610
1669090
1912990
1899780
1911700
1916680
1905170
1838930
1906270
1763790
1895840
1904420
1868230
1873850
1905710
1913480
1903070
1793270
1886490
1916720
1877470
1854640
1882310
1855880
1889070
1903110
1838700
1889340
1894820
1904500
1880120
1911500
1718790
1899510
1915720
1702040
1842020
1891380
1910350
1820120
1905120
1776680
1876760
1909410
1885150
1886060
1912010
1899280
1911550
1861000
1900430
1310340
1910760
1893710
1868340
1906610
1888730
1836480
1900940
1894330
1881550
1872000
1898170
1910920
1843360
1892830
1909930
1909400
1911350
1804210
1891990
1897210
1876520
1800700
1908520
1835380
1870530
1914540
1819680
1900060
1838160
1911920
1911410
1913580
1848020
1912600
1904060
1915300
1843830
1754280
1805830
1884590
1892480
1913130
1894420
1903160
1904990
1868530
1912540
1910040
1904340
1890730
1896120
1908390
1891190
1887950
1910730
1899840
1909580
1872390
1866000
1884740
1907370
1907670
1729650
1902190
1880750
1639450
1895380
1504930
1837930
1887210
1899530
1652470
1904670
1900840
1901790
1895110
1903890
1904270
1868830
1895360
1905840
1877220
1894340
1883330
1865910
1837960
1876320
1537060
1900800
1808180
1889380
1899040
1829390
1735560
1874280
1896680
1884010
1898820
1873060
1864740
1899460
1890840
1894780
1895770
1899850
1851660
1879610
1883730
1812080
1836100
1904240
1689040
1893270
1823040
1900450
1903010
1865150
1902130
1900110
1821300
1899900
1868930
1885810
1879090
1838870
1891630
1893450
1901770
1897270
1882250
1894670
1893340
1899560
1846470
1897620
1895190
1874670
1883180
1896490
1899920
1876610
1756580
1895440
1854720
1664000
1313240
1868740
1894350
1859330
1768060
1895850
1899260
1871200
1885210
1899420
1897090
1875240
1874250
1899090
1897070
1891590
1891180
1874320
1896400
1865860
1821190
1622480
1895030
1131220
1888850
1726440
1726300
1893380
1886520
1891200
1874270
1878860
1888400
1871250
1848090
1839970
1884270
1891050
1841510
1891150
1669640
1876510
1873730
1890900
1826110
1884460
1435720
1885740
1766360
1883640
1854310
1859040
1884070
1884730
1885230
1452730
1821080
1861680
1886190
1847780
1885390
1884770
1880740
1856780
1824310
1881770
1880520
1836650
1853930
1877730
1873790
1872930
1849180
1873950
1871320
1874020
1875490
1809030
1669280
1866930
1678610
1845580
1851750
1875080
1870640
1869550
1873150
1767880
1867030
1796730
1826320
1775580
1838640
1869340
1871120
1867220
1867090
1871660
1866940
1822600
1714170
1828480
1831180
1845470
1864870
1865300
1832190
1832630
1861270
1867340
1866080
1857350
1859750
1822740
1867360
1851460
1862610
1826790
1863330
1864450
1760530
1859340
1848100
1855780
1296380
1592620
1855960
1853520
1862360
1862640
1468440
1853580
1855400
1840670
1845220
1679370
1860450
1559830
1814940
1842710
1847640
1839390
1856200
1856960
1385420
1844180
1802660
1806990
1857240
1853070
1828360
1854320
1851040
1698660
1814430
1854770
1819170
1849340
1854360
1805420
1854220
1704570
1852010
1807440
1825260
1236420
1130390
1852690
1843960
1815210
1826240
1842670
1777270