1000060
1000560
1000570
1000740
1000840
1001210
1001510
1001610
1001850
1002400
1003
1003030
1003280
1003930
1004720
1005150
1005270
1005880
1006480
1006540
1006870
1006910
1007310
1007500
1007620
1008170
1008840
1009250
1009280
1009620
1010630
1010720
1011040
1011060
1011800
1012230
1012740
1013080
1013850
1014910
1015560
1015810
1016050
1016220
1016640
1017280
1017470
1017530
1017570
1017830
1018030
1018180
1018190
1018650
1018940
1019100
1019140
1019770
1019840
1020700
1021730
1021980
102220
1022950
1023810
1023820
1023830
102410
1024420
1025080
1025180
1025720
1026000
102610
1026460
1026570
1026990
1027040
1027150
1027630
1027740
1027940
1028190
1028450
1028670
1028960
1029200
1029880
1030130
1030570
1031150
1031430
1031980
1033550
1034680
1035040
1035870
1036160
1036650
1036940
1037220
1037390
1037490
1037580
1038030
1038420
1039050
1039630
1040220
1040660
1040790
1040920
1041180
1041410
1041420
1042120
1042340
1042660
104300
1043650
1043770
1044050
1044320
1044650
1045200
1045460
1045570
1045710
1046020
1046160
1046450
1046780
1046810
1047000
1047080
1047500
1047590
1047980
1048030
1048290
1048390
1048630
1049110
1049150
1049500
1050220
1051140
1051180
1051660
1051720
1051760
1052000
1052910
105310
1054530
1054840
1055720
1055840
1056000
1056030
1056300
1056380
105710
1058700
1059050
1059650
1059670
1059870
1059940
1059950
1060040
1060140
1060410
1060420
1060430
1060580
1061290
1061560
1061770
10620
1062600
1062930
1064830
1065300
1065330
1065790
1065800
1066270
1066560
1066590
1066640
1067240
1068560
1069070
1069200
1069340
1069620
1069770
1069830
1069980
1070270
107110
1071380
1071630
1071830
1072080
107210
1072130
1072260
1072670
1072970
1072980
1073070
1073110
1073290
1073330
1073750
1073880
1073940
1073980
1074020
1074450
1074570
1074580
1074760
1075340
1075440
1076030
107610
1076390
1076400
1077500
1078120
1078230
1078540
1078620
1078650
1078690
1078720
1078790
1078880
1078900
1078990
1079020
1079080
1079170
1079700
1080260
1080300
1080540
1080650
1080980
1081310
1081390
1081480
1081570
1081640
1081980
1082060
1082080
1082380
1082950
1083370
1083390
1083530
1083540
1083630
1083660
1083680
1084000
1084150
1084230
1084390
1084750
1084780
1085020
1085060
1085100
1085810
1085850
1085980
1086200
1086380
1086880
1087180
1087260
1087430
1087880
1087930
1088270
1088300
1088500
1088580
1088690
1089610
1090040
1090400
1090890
1091000
1091310
1091600
1092940
1092960
1093090
1093200
1093460
1093540
1093740
1094240
1094650
1095270
1095390
1095580
1095730
1095740
1095910
1096250
1096660
1097440
1097680
1097700
1097720
1098020
1098050
1098590
1098780
1098920
1098930
1099000
1099490
1099520
1099540
1099570
1099650
1099760
11000
1100080
1100100
1100280
1100310
1100580
1101070
1101410
1101560
1101860
1102010
1102170
1102300
1102560
1102570
1103170
1103190
1103380
1104240
1104300
1104540
1104950
1105170
110520
1105230
1105680
1106040
1106810
1107080
1107150
1107280
1107410
1107770
11080
1108340
1108520
1108670
1108830
11090
1109390
1110040
111020
1110260
111030
1110440
1110480
1110960
1111230
1111240
1111700
1112140
1112290
1112310
1112510
1113180
1113260
1113590
1114250
1114470
1114600
1114780
1114840
1114970
1115410
1115680
1115740
111610
1117050
1118370
1119050
1119420
1119510
1119580
1120510
1120890
112110
1121700
1121830
11220
1122060
1122380
1123670
1123690
1124200
1124340
1124460
1124470
1124480
1125010
1125300
1125440
1125680
1126460
1126480
1126960
11270
1127670
1127770
1127780
1128030
1128760
1128930
1129000
1129060
1129100
1129120
1129430
1129500
1130390
1131220
1131480
1131860
1132130
1132310
1132650
1133490
1133600
1133690
1133860
1134090
1134590
1135420
1135460
1135780
1135790
1136410
1137090
1137140
1137340
1137380
1137430
1138050
1138110
1138160
1138350
1138840
1138860
1138950
1139250
1139750
1140010
1140040
1140560
1140650
1140680
1140980
1141200
1141370
1141520
1141680
1142260
1142540
1142670
1142690
1142700
1143920
1144190
1144430
1144830
1144930
1145470
1146190
1146580
11470
1147730
1147990
1148240
1148790
1149060
1149870
1150020
1150210
1150330
1150880
1151420
1151790
1152030
1152060
1152170
1152350
1152850
1152860
1153270
1153660
1153770
1154710
1155740
1156260
1156720
1157140
1158330
1158550
1158640
1159620
1159850
1160430
1160830
1160970
1161470
1161530
1161850
1162550
1162740
1162870
1163010
1163110
1163120
1163410
1163420
1163450
1163540
1163840
1164320
1164420
1164510
1164790
1164820
1164900
1165250
1165480
1165710
1165770
1165810
1166020
1166150
1166300
1166330
1166560
1166610
1166770
1166810
1166850
1166930
1167160
1167200
1167240
1167480
1168260
1168460
1168890
1169080
1169550
1169660
1169700
1169910
1170480
1171780
1171830
1171850
1172200
1172320
1172740
1173290
1173670
1174840
1174960
1175020
1175270
1175560
1176350
1176550
1176830
1177120
1177230
1177360
1177410
1177440
1177530
1177570
1178040
1178080
1178420
1179510
1179590
1179700
1179780
1179900
1180050
1180710
1181150
1181500
1181700
1181760
1182150
1182160
1182220
1182450
1182730
1182840
1183180
1183250
1183290
1183310
1183460
1183730
1183820
1183860
1183930
1183990
1184080
1184380
1184830
1185030
1185040
1185050
1185070
1185130
1185550
1185720
1185970
1186060
1186620
1186750
1187020
1187210
1187500
1188110
1188640
1188770
1188810
1189300
1189370
1189530
1189940
1190260
1190360
1190730
1191090
1191150
1191290
1191530
1191980
1192520
1192670
1193060
1193130
1193240
1193480
1193860
1194640
1195590
1195790
1196720
1196840
1196910
1196960
1197080
1197130
1197410
1198500
1198800
1198910
1198990
1199190
1199230
1199440
1199570
1199810
1200310
1200480
1201070
1201440
1201460
1201480
1201670
1201680
1201780
1202910
1203000
1203010
1203700
1204240
1204340
1204420
1204570
1204610
1204640
1204770
1205280
1205730
1205870
1206170
1206220
1206980
1206990
1207270
1208100
1208310
1208430
1208480
1208650
1208970
1209310
1209580
1210600
1210810
1210840
1211000
1211080
1211150
1211260
1211290
1211850
1212000
1212980
1213190
1213200
1213410
1213800
1213970
1214770
1215040
1215080
1215100
1215300
1215330
1217290
1217460
1217700
1217980
1218730
1219510
1219640
1219680
1220260
1220310
1220350
1220590
1220740
1220860
1220950
1220960
1221000
1221010
1221020
1221750
1222410
1222590
1222820
1223330
1223400
1223460
1223510
1223730
1224230
1224300
1224460
1224880
1225500
1225760
1225900
1226050
1226270
1226280
1226290
1226300
1226310
1226320
1226330
1226340
1226350
1226360
1226410
1227140
1227540
1227640
1227710
1227770
1228650
1228980
1229000
1229400
1229770
1229980
1230260
1230470
1230600
1231510
1231830
1231860
1231930
1232190
1232880
1233390
1233520
1233730
1233860
1233960
1234710
1235320
1235370
1235380
1235580
1235650
1235780
1235850
1235960
1236420
1236460
1236940
1237340
1237360
1237910
1237930
1237940
1238120
1238170
1238410
1239190
1239410
1239420
1239650
1239770
1240330
1240340
1240540
1240670
1240870
1241360
1241680
1241920
1242990
1243330
1243720
1244020
1244540
1244750
1244820
1244940
1245680
1245710
1245830
1246010
1246550
1246920
1247050
1247990
1248110
1248290
1248410
1248470
1248600
1248980
1249200
1249600
1250130
1250190
1250820
1251260
1251650
1251820
1252110
1252500
1252620
1253290
1253850
1253890
1254550
1254800
1254960
1255190
1255290
1255580
1255690
1255860
1256260
1256460
1256540
1256570
1256820
1256990
1257020
1257260
1257960
1258630
1258810
1258860
1259720
1260640
1260760
1261330
1261350
1261810
1262250
1262680
1262700
1262710
1262950
1263380
1263470
1263480
1263670
1264380
1264530
1264540
1264690
1264950
1265490
1265610
1265760
1265880
1266110
1266620
1266970
1267200
1267430
1267450
1267570
1267610
1268080
1268090
1268170
1268220
1268310
1268440
1268720
1268890
1269000
1269060
1269160
1269210
1269330
1269340
1269380
1269430
1269460
1269670
1269860
1270060
1270400
1270410
1270530
1270600
1270630
1270640
1270700
1271360
1272310
1272910
1273300
1273360
1273880
1274120
1274130
1274220
1274330
1274500
1274780
1275140
1275160
1275200
1276080
1276110
1276400
1276440
1276860
1277200
1277620
1277780
1278560
1278640
1278660
1279600
1280140
1280580
1280690
1280740
1281440
1281460
12820
1282310
1282640
1282660
1283340
1283570
1283670
1283870
1284220
1284560
1284930
1285170
1285470
1285570
1285710
1286430
1286450
1286500
1286740
1287910
1288660
1288810
1288880
12890
1289250
1289420
1289530
1289630
1289930
1290020
1290280
1290300
1290360
1290470
1290810
12910
1291390
1291580
1291650
1291940
1292000
1292330
1292360
1292370
1292380
1292470
1292530
1292570
1292810
1292990
1293010
1293020
1293270
1293290
1293470
1293490
1293680
1293770
1294100
1294400
1294430
1294490
1294640
1294700
1294710
1294980
1295050
1295310
1295360
1295470
1295550
1295770
1295780
1295940
1295980
1296210
1296270
1296310
1296350
1296380
1296590
1296780
1296850
1296950
1296990
1297020
1297060
1297100
1297140
1297150
1297420
1297510
1297690
1297880
1297940
1298110
1298150
1298250
1298290
1298330
1298460
1298570
1298580
1298760
1298800
1298810
1298970
1299570
1299640
1300120
1300290
1300530
1300660
1300690
1300780
1300870
1300930
13010
1301240
1301270
1301440
1301450
1302100
1302140
1302360
1302560
1302640
1302870
1303040
1303120
1303290
1303320
1303330
1303340
1303540
1303580
1303750
1303840
1303920
1304040
1304200
1304380
1304570
1304700
1305020
1305400
1305560
1305670
1305700
1305710
1305980
1306080
1306170
1306190
1306270
1306650
1306660
1306670
1306960
1306980
1307020
1307100
1307350
1307360
1307510
1307570
1307790
1307820
1307970
1308290
1308530
1308890
1309010
1309220
1309560
1310030
1310070
1310220
1310260
1310340
1310660
1310680
1310750
1310780
1310800
1310960
1310980
1311040
1311050
1311110
1311450
1311750
1311890
1311980
1312030
1312110
1312220
1312280
1312330
1312350
1312400
1312520
1312560
1312640
1312680
1312690
1312700
1312710
1312730
1312770
1312800
1312850
1312870
1312890
1313000
1313080
1313220
1313240
1313250
1313390
1313410
1313440
1313450
1313720
1313750
1313790
1313930
1313980
1313990
1314030
1314100
1314120
1314220
1314280
1314610
1314740
1314750
1314810
1314910
1314960
1315020
1315060
1315380
1315450
1315590
1315790
1315850
1316120
1316320
1316410
1316420
1316620
1316630
1316900
1316920
1316940
1316960
1317030
1317130
1317140
1317170
1317370
1317440
1317520
1317860
1317880
1317910
1318010
1318040
1318080
1318330
1318370
1318440
1318460
1318470
1318540
1318770
1318810
1318900
1319040
1319120
1319390
1319470
1319540
1319560
1319600
1319910
1320010
1320070
1320130
1320200
1320210
1320290
1320300
1320340
1320380
1320390
1320450
1320570
1320590
1320610
1320620
1320660
1320720
1320740
1320900
1321000
1321210
1321250
1321260
1321310
1321330
1321340
1321420
1321430
1321470
1321820
1321850
1322130
1322140
1322150
1322230
1322420
1322480
1322610
1322630
1322660
1322760
1322800
1322840
1322860
1322920
1322930
1322940
1322980
1323010
1323040
1323120
1323150
1323160
1323170
1323260
1323280
1323290
1323310
1323560
1323570
1323590
1323680
1323850
1323890
1323970
1324260
1324290
1324430
1324520
1324580
1324930
1324960
1325050
1325060
1325100
1325110
1325150
1325240
1325250
1325330
1325350
1325440
1325510
1325600
1325630
1325660
1325680
1325750
1325810
1325820
1325840
1325990
1326010
1326020
1326030
1326050
1326140
1326150
1326160
1326180
1326200
1326250
1326350
1326370
1326380
1326460
1326480
1326520
1326530
1326550
1326560
1326590
1326680
1326690
1326750
1326790
1326800
1326820
1326840
1326860
1326880
1326900
1327060
1327070
1327110
1327170
1327180
1327220
1327270
1327880
1327910
1328020
1328180
1328250
1328260
1328450
1328580
1328680
1328800
1329150
1330090
1330590
1331260
1332390
1332530
1332580
1332600
1333060
1333820
1333960
1334090
1334160
1334320
1334380
1334990
1335550
1335960
1336540
1337750
1338120
1338200
1338440
1338760
1339120
1339190
1339740
1340190
1340710
1340790
1340880
1341000
1341020
1341730
1341990
1342210
1342320
1342350
1342370
1342420
1342950
1344160
1344240
1345460
1345790
1346490
1347910
1347930
1348010
1348210
1348580
1348940
1349240
1349360
1349550
1349880
1350640
1351760
1352390
1352550
1352640
1353340
1353500
1353630
1354030
1354130
1354160
1354780
1355040
1355180
1355270
1355540
1355730
1355990
1356150
1356170
1356200
1356230
1356270
1356400
1356420
1356450
1356560
1356590
1357260
1357560
1358350
1358720
1358980
1359490
1359550
1359560
1360090
1360300
1360470
1360920
1360930
1361550
1361890
1362060
1362140
1362230
1362530
1362820
1363220
1363280
1364040
1364080
1364410
1364880
1364910
1365640
1365790
1365910
1366120
1366140
1366620
1366630
1367500
1367510
1367810
1367870
1368250
1368520
1368530
1368600
1371150
1371360
1372240
1372340
1372440
1372770
1372970
1373010
1373570
1373730
1374210
1374780
1375170
1376050
1376100
1376130
1376330
1376380
1376410
1376440
1376510
1376600
1377400
1377820
1378130
1378300
1378770
1378970
1379010
1379090
1379250
1379910
1379990
1380080
1380130
1380240
1380270
1380870
1380920
1380930
1381160
1381390
1381420
1381540
1381700
1381730
1381870
1381940
1381960
1382580
1383320
1383360
1383380
1383590
1384270
1384280
1384410
1384470
1384850
1385040
1385200
1385270
1385360
1385420
1385520
1386010
1386070
1386120
1386240
1386260
1386370
1386420
1386640
1386960
1387330
1387470
1387960
1387990
1388120
1388440
1388560
1388610
1389150
1389250
1389590
1389660
1390750
1390800
1391030
1391290
1391460
1391780
1391920
1391950
1392050
1392180
1392630
1392810
1392930
1392950
1393190
1393720
1393730
1393920
1394200
1394560
1394710
1394730
1394770
1394840
1394850
1394910
1395210
1395350
1395650
1395820
1395880
1396090
1396200
1396620
1396900
1397020
1397080
1397120
1397310
1397420
1397610
1397700
1397780
1398160
1398240
1398250
1398640
1399050
1399310
1399330
1399350
1399890
1399950
1399970
1400370
1400420
1400500
1400570
1400600
1400950
1401140
1401540
1401600
1401770
1401850
1402040
1402070
1402140
1402150
1402180
1402220
1402240
1402360
1402450
1402490
1402680
1402720
1402730
1402750
1402810
1402860
1403220
1403260
1403290
1403360
1403410
1403420
1403490
1403500
1403600
1403670
1403730
1403910
1403980
1404020
1404420
1404440
1404540
1404650
1404670
1404720
1404760
1405080
1405120
1405230
1405460
1405490
1405680
1405690
1405700
1405710
1405750
1405770
1405860
1405920
1406130
1406180
1406460
1406790
1406870
1406940
1407110
1407220
1407230
1407270
1407310
1407350
1407470
1407510
1407650
1407770
1407930
1407940
1408010
1408190
1408270
1408280
1408320
1408460
1408520
1408670
1408750
1408770
1408800
1408940
1408980
1409060
1409660
1409750
1409790
1410340
1410630
1410780
1411120
1411130
1411210
1411300
1411540
1411620
1411690
1411790
1411850
1412090
1412340
1412590
1412700
1412800
1412920
1413030
1413060
1413130
1413340
1413360
1413690
1413810
1414190
1414340
1414860
1414880
1415060
1415290
1415610
1415940
1416250
1416370
1416500
1416790
1417290
1417410
1417430
1417470
1417710
1417980
1418000
1418080
1418200
1418410
1418500
1418530
1418560
1418600
1418920
1418950
1419010
1419210
1419220
1419250
1419540
1419570
1419830
1420140
1420370
1420520
1420620
1420940
1421010
1421040
1421050
1421150
1421560
1421750
1421990
1422330
1422530
1422560
1422840
1422870
1422890
1422900
1423130
1423190
1423490
1423520
1423530
1423740
1423850
1424160
1424410
1424460
1424490
1424670
1425020
1425530
1425610
1425680
1426150
1426520
1427110
1427280
1427330
1427500
1427690
1427720
1428010
1428050
1428280
1428350
1428380
1428430
1428450
1428620
1428850
1428910
1429050
1429120
1429140
1429250
1429420
1429460
1429770
1429920
1429940
1430080
1430130
1430210
1430430
1430510
1430550
1430650
1430660
1430700
1430710
1430780
1431000
1431090
1431200
1431360
1431500
1431560
1431650
1431960
1432240
1432600
1432800
1432830
1432870
1432990
1433150
1433160
1433220
1433360
1433380
1433700
1433800
1433810
1433820
1433920
1434210
1434400
1434420
1434640
1434680
1434710
1434740
1434860
1434920
1435190
1435200
1435350
1435390
1435400
1435490
1435570
1435720
1435740
1435990
1436100
1436250
1436270
1436350
1436380
1436430
1436500
1436530
1436820
1437110
1437140
1437230
1437300
1437440
1437590
1437730
1437910
1437920
1437930
1438300
1438460
1438500
1438520
1438540
1438580
1438640
1438880
1438890
1438910
1439080
1439200
1439240
1439470
1439510
1439560
1439580
1439640
1439650
1439770
1439940
1440000
1440060
1440170
1440270
1440460
1440490
1440540
1440590
1440650
1440660
1440740
1440960
1440970
1441070
1441080
1441140
1441170
1441220
1441310
1441380
1441540
1441620
1441780
1442110
1442330
1442560
1442570
1442690
1442760
1442790
1442830
1442860
1443140
1443440
1443480
1443560
1443580
1443670
1443710
1443860
1443930
1444270
1444330
1444340
1444380
1444400
1444470
1444520
1444960
1444970
1445200
1445330
1445610
1445640
1445710
1445970
1446020
1446740
1446940
1447220
1447270
1447450
1447560
1447720
1447840
1448010
1448210
1448380
1448500
1448660
1448720
1448930
1449120
1449680
1449800
1449830
1450110
1450810
1450930
1451270
1451280
1452030
1452040
1452710
1452730
1452780
1453170
1454210
1455010
1455160
1455180
1455210
1456240
1456530
1456620
1456850
1456960
1456990
1457250
1457790
1457850
1457970
1458040
1458290
1458470
1458570
1459060
1459270
1459290
1459310
1459620
1459730
1459750
1459860
1460410
1460430
1460720
1461250
1461830
1462300
1462500
1462590
1462630
1462770
1463070
1463540
1464020
1464530
1464660
1464920
1465770
1466020
1466250
1466510
1467180
1467630
1467690
1467750
1467910
1467950
1468170
1468210
1468360
1468440
1468980
1469480
1469720
1470210
1470440
1470700
1471060
1471090
1471100
1471140
1471330
1471400
1471890
1472900
1473460
1474040
1474170
1474210
1474230
1474370
1474560
1474960
1474980
1475410
1475480
1475690
1475720
1475820
1475930
1476110
1476320
1477090
1477760
1478040
1478170
1478280
1478290
1478530
1478890
1479410
1479690
1480490
1480680
1480790
1481280
1482440
1482590
1483200
1483250
1483420
1483590
1483660
1483880
1484630
1484710
1484860
1485000
1485410
1485670
1485700
1485710
1486220
1486550
1486740
1487040
1487110
1487130
1487340
1488120
1488210
1488330
1488360
1488450
1488520
1488880
1488890
1489260
1489270
1489530
1489640
1489650
1489760
1490140
1490220
1490320
1490520
1490660
1491160
1491440
1491580
1491610
1491760
1491840
1492390
1492400
1492520
1492880
1493180
1493630
1493770
1494340
1494360
1494880
1495410
1495550
1495650
1496880
1496940
1497060
1497150
1497300
1497310
1497540
1497570
1497620
1497690
1498370
1498540
1498750
1499050
1499290
1499650
1499670
1500040
1500340
1500360
1500710
1501180
1501190
1501430
1501450
1502
1503050
1503080
1503330
1503420
1503570
1503830
1504120
1504160
1504390
1504420
1504600
1504720
1504930
1505330
1505340
1505590
1505640
1505730
1505780
1505970
1506090
1506110
1506130
1506160
1506500
1506590
1506860
1507050
1507060
1507090
1507150
1507480
1507750
1507840
1507940
1508290
1508820
1509030
1509290
1509480
1509490
1509690
1509860
1509980
1509990
1510020
1510160
1510700
1510750
1510770
1511340
1511380
1512250
1512260
1512600
1512930
1512980
1513290
1513630
1513920
1514080
1514270
1514350
1514540
1514670
1514750
1514770
1514800
1514990
1515270
1515350
1515410
1515430
1515840
1515880
1516040
1516740
1517070
1517280
1517620
1518880
1518960
1519370
1519390
1519440
1519460
1519600
1520020
1520300
1520320
1520910
1520980
1521340
1521350
1521560
1521790
1521880
1522
1522130
1522150
1522370
1522510
1522730
1524000
1524040
1524090
1524120
1524130
1524240
1524590
1524600
1525110
1525340
1525610
1525800
1526080
1526310
1526420
1526570
1527300
1527480
1527610
1527730
1527870
1528040
1528390
1528500
1528510
1528830
1528870
1529000
1529010
1529020
1529090
1529360
1529500
1529510
1529680
1529690
1529790
1529940
1530480
1530490
1530600
1531670
1531850
1532390
1532600
1532850
1532890
1532900
1532950
1533320
1533330
1533890
1533900
1534150
1534360
1534410
1534580
1534730
1534790
1534970
1535020
1535050
1535140
1535230
1535340
1535530
1535750
1535760
1535820
1535850
1535890
1535950
1536020
1536130
1536220
1536360
1536400
1536410
1536450
1536490
1536580
1536630
1536650
1536710
1536800
1536840
1537000
1537060
1537170
1537380
1537450
1537840
1538140
1538560
1538590
1538690
1538700
1538950
1539230
1539380
1539390
1539910
1539930
1539940
1540
1540120
1540230
1540460
1540610
1540750
1540770
1541170
1541430
1541460
1541480
1541500
1541740
1541900
1542050
1542220
1542240
1542320
1542340
1542380
1542480
1542590
1542800
1542830
1542880
1542920
1542940
1543060
1543540
1543840
1543850
1544100
1544160
1544230
1544270
1544550
1544800
1544870
1544960
1545550
1545840
1546170
1546290
1546300
1546410
1546430
1546700
1547100
1547610
1547650
1547660
1547770
1548360
1548450
1548480
1549460
1550350
1550370
1550490
1550720
15510
1551880
1551900
1552030
1552070
1552440
1552880
1553090
1553220
1553300
1553830
1554370
1554800
1555120
1555200
1556440
1556580
1556940
1556970
1557450
1557560
1557790
1557800
1558590
1558610
1559210
1559830
1559890
1560030
1560180
1560410
1560490
1560650
1560740
1560920
1560990
1561650
1562170
1562250
1562730
1562890
1563090
1563580
1563790
1564070
1564200
1564440
1566080
1566140
1566290
1566420
1566530
1566650
1566660
1566760
1567620
15680
1568120
1568140
1568150
1568160
1568370
1568660
1568760
1569080
1569260
1569940
1570460
1570570
1570870
1571240
1571370
1571470
1571670
15720
1572200
1572250
1572480
15730
1573020
1573120
1573340
1573520
1573660
1574340
1574520
1574890
1574950
1575200
1575440
1575460
1575500
1575550
1575770
1575840
1576010
1576630
1576690
1576700
1577360
1577370
1578000
1578130
1578260
1578360
1578510
1578790
1578910
1579160
1579240
1579350
1579740
1579900
1579940
1580310
1580400
1580810
15810
1581390
1582110
1582140
1582150
1582170
1582270
1582360
1582450
1582460
1582480
1582670
1582860
1583040
1583200
1583480
1583750
1583760
1584030
1584610
1584760
1584910
1585060
1585090
1585140
1585850
1586030
1586380
1586450
1586500
1586560
1586720
1587120
1587230
1587250
1587270
1587420
1587990
1588020
1588150
1588310
1588330
1588800
1588990
1589350
1589390
1589690
1589740
1589870
1589900
1589950
1589960
1590060
15902
1590240
1590340
1590350
1590370
1590780
1590990
1591030
15912
1591270
1591720
1591740
1591770
1591790
1591800
1592080
1592140
15922
1592330
1592620
1592760
1593050
15932
1593480
1593530
1593550
1594080
1594160
1594450
1594540
1594650
15952
1595220
1595360
1595680
1595720
1595820
15962
1596260
1596320
1596420
1596470
1596960
1596970
15972
1597380
1597500
1597590
1597620
1597660
1597810
1597830
1597850
1598040
1598140
1598310
1598420
1598610
1598900
1599120
1599140
16002
1600400
1601150
1601450
1601490
1601530
16022
1602250
1602530
1602780
1602790
16032
1603350
1603610
1603890
1604070
16042
1604200
1604620
1604670
1605410
1605650
1605660
1605670
1606020
1606070
16062
1606360
1606480
1607150
1607350
1608030
1608340
1608500
1608930
1608960
1608970
1609400
1610640
1610780
1611030
1612860
1613850
16140
1614610
1614720
1614950
16150
1615440
1615990
16160
16170
1617100
1617140
1617250
1617620
1617680
1617810
1618670
1618750
16190
1619020
1619160
1620190
1620280
1620480
1620500
1620570
1620610
1620980
16210
1621180
1621570
1621820
1621940
1621960
1622480
1622620
1623800
1623830
1623900
1624080
1624090
1624250
1624300
1624650
1624730
1624800
1625010
1626240
1626330
1626360
1626440
1626820
1626870
1627070
1627160
1628150
1628160
1628210
1628320
1628330
1628530
1628920
1629080
1629340
1629540
1629790
1630860
1630950
1631310
1631460
1631490
1631550
1631910
1631970
1632070
1632080
1632130
1632180
1632270
1632390
1632400
1632580
1632760
1633120
1633340
1633920
1634240
1634720
1635040
1635110
1635330
1636220
1636640
1636720
1637360
1637450
1637620
1637770
1638350
1638480
1638550
1638590
1638960
1639100
1639350
1639360
1639450
1639470
1639600
1639640
1639740
1639750
1640020
1640050
1640520
1640730
1640950
1641000
1641030
1641050
1641170
1641260
1641680
1641690
1641760
1641800
1641850
16420
1642000
1642240
1642370
1642410
1642780
1642880
1642930
1643060
1643110
1643330
1643430
1643740
1644040
1644170
1644340
1644470
1644570
1645130
1645210
1645240
1645320
1645600
1645710
1645740
1645790
1645800
1645860
1645960
1646210
1646420
1646960
1647210
1647230
1647340
1647370
1647380
1647570
1647810
1647980
1648130
1648140
1648170
1648710
1648820
1648890
1648910
1649110
1649140
1649180
1649780
1649890
1649910
1650350
1650560
1650840
1650980
1650990
16510
1651040
1651220
1651370
1651550
1651590
1651770
1651790
1651800
1652130
1652150
1652180
1652210
1652240
1652360
1652410
1652470
1652590
1652610
1652690
1652790
1652820
1652830
1653090
1653440
1653540
1653920
1654090
1654320
1654390
1654420
1654500
1654580
1654650
1654750
1654990
1655000
1655180
1655240
1655350
1655390
1655450
1655460
1655500
1655690
1655860
1656150
1656260
1656270
1656830
1656980
1657000
1657070
1657180
1657300
1657370
1657390
1657400
1657410
1657440
1657470
1657530
1657660
1657670
1657790
1657820
1657930
1657940
1658130
1658140
1658230
1658320
1658360
1658380
1658590
1658690
1658790
1658890
1659130
1659280
1659310
1659440
1659660
1659720
1659850
1659870
1659900
1660050
1660120
1660470
1660650
1660670
1660710
1660720
1660730
1660770
1660830
1660930
16610
1661030
1661040
1661050
1661190
1661220
1661300
1661310
1661440
1661470
1661650
1661660
1661670
1662120
1662200
1662240
1662280
1662360
1662520
1662530
1662760
1662780
1662810
1662900
1662950
16630
1663090
1663310
1663350
1663660
1663960
1663980
1664000
1664170
1664330
1664420
1664510
1664780
1665110
1665140
1665410
1665690
1666060
1666100
1666120
1666350
1666490
1666580
1666740
1667150
1667200
1667350
1667520
1667640
1667810
1668040
1668200
1668370
1668400
1668490
1668500
1668550
1668600
1668760
1668770
1668900
1668980
1669010
1669040
1669060
1669080
1669090
1669100
1669280
1669510
1669520
1669540
1669570
1669640
1669800
1669830
1669840
1670090
1670110
1670360
1670400
1670470
1670820
1670850
1671230
1671620
1671750
1672120
1672370
1672940
1673050
1673060
1673080
1673170
1673590
1673810
1673860
1674050
1674140
1674430
1674760
1675420
1675700
1676220
1676460
1676490
1676650
1677000
1677040
1677050
1677390
1677820
1677850
1677860
1678180
1678210
1678330
1678380
1678490
1678610
1678670
1679050
1679150
1679250
1679370
1679380
1679440
1679650
1679750
1679780
1679920
1680040
1681070
1681800
1682430
1682630
1682760
1683110
1683280
1683330
1683830
1683930
1683940
1683980
1684030
1684190
1684280
1684550
1684810
1685480
1686330
1686360
1686410
1686580
1686760
1687340
1687580
1688370
1688790
1688820
1689040
1689380
1690170
1690280
1690450
1690460
1690630
1690680
1690910
1690920
1690940
1691030
1691530
1691690
1692690
1693030
1693810
1694090
1694590
1694900
1695020
1695640
1695700
1696140
1696210
1696320
1696410
1696700
1696730
1696840
1697240
1697740
1697750
1697860
1697890
1697900
1698320
1698620
1698660
1699040
1699150
1699310
1699650
1699680
1699920
1700000
1700150
1700260
1700610
1700620
1700650
1700770
1700790
1701290
1701500
1701730
1701770
1701880
1702040
1702120
1702520
1702600
1702860
1702950
1703250
1703310
1703370
1703570
1703590
1704500
1704570
1704580
1704600
1705210
1705640
1705670
1706010
1706140
1706160
1706290
1706320
1706350
1706490
1706530
1706790
1706860
1706880
1706990
1707080
1707290
1707460
1707730
1708130
1708240
1708450
1708480
1708530
1709120
1709130
1709310
1709410
1709600
1709610
1709800
1709860
1709960
1710
1710090
1710150
1710630
1710700
1710770
1710800
17110
1711010
1711100
1711660
1711720
1712010
1712060
1712160
1712330
1712380
1712520
1712710
1712760
1712860
1713230
1713420
1713600
1713690
1713780
1713840
1713890
1713960
1714170
1714560
1714800
1714870
1715020
1715640
1715770
1716350
1716430
1716560
1716630
1716680
1717470
1717870
1717950
1718180
1718790
1718800
1718830
1718840
1719020
1719050
1719060
1719260
1719370
1719400
1719620
1719860
1720230
1720300
1720360
1720380
1720610
1720680
1720730
1720910
1720990
1721640
1721660
1721710
1721750
1721950
1722060
1722170
1722200
1722330
1722360
1722400
1722490
1722560
1722630
1722650
1722810
1722850
1722950
1722970
1723070
1723090
1723140
1723670
1723940
1724250
1724450
1724550
1725550
1725590
1725600
1725970
1726070
1726260
1726300
1726350
1726420
1726440
1726460
1726600
1726680
1726830
1726960
1727050
1727110
1727160
1727280
1727390
1727460
1727710
1727730
1727920
1727980
1728050
1728070
1728600
1728720
1728760
1728790
1728870
1728920
1728930
1728940
1728970
1728990
1729010
1729630
1729650
1729800
1729880
1729910
1730200
1730400
1730490
1730510
1731320
1731400
1731610
1731800
1731890
1732000
1732040
1732200
1732280
1732320
1732400
1732620
1732880
1733350
1733370
1733780
1733820
1734050
1734140
1734150
1734170
1734210
1734290
1734360
1734410
1735020
1735540
1735560
1735990
1736020
1736050
1736060
1736330
1736370
1736470
1737040
1737180
1737310
1737420
1737430
1737560
1737720
1737780
1737880
1738270
1738580
1738780
1738840
1738870
1739050
1739230
1739250
1739320
1739460
1739540
1739790
1739820
1739920
1740210
1740260
1740280
1740290
1740340
1740350
1740410
1740700
1741100
1741410
1741680
1741740
1741910
1741990
1742050
1742460
1742710
1742980
1743020
1743090
1743130
1743160
1743250
1743270
1743320
1743400
1743630
1743680
1743870
1744180
1744390
1744470
1744520
1744720
1744730
1745090
1745270
1745490
1745630
1745770
1745930
1746300
1746360
1746440
1746450
1746600
1746670
1746740
1747180
1747260
1747720
1748420
1749180
1749370
1749450
1749470
1749520
1749610
1749660
1749950
1750100
1750220
1750270
1750340
1750360
1750460
1750560
1750730
1750750
1750760
1750880
1751180
1751240
1751450
1751670
1751690
1751830
1751930
1751960
1752000
1752020
1752040
1752170
1752180
1752230
1752390
1752480
1752520
1752590
1752720
1752770
1752960
1752970
1753040
1753240
1753260
1753720
1753880
1754140
1754280
1754850
1755070
1755230
1755410
1755940
1756010
1756040
1756170
1756250
1756260
1756540
1756570
1756580
1756820
1756940
1757070
1758290
1758710
1758790
1758800
1758850
1758980
1759050
1759080
1759280
1759290
1759360
1759570
1759620
1759660
1759680
1759730
1759750
1759950
1759960
1759970
1760100
1760110
1760350
1760380
1760430
1760530
1760540
1760550
1760610
1760620
1760680
1760750
1760760
1760770
1760800
1760840
1761050
1761070
1761080
1761120
1761200
1761410
1761880
1762070
1762090
1762150
1762160
1762180
1762280
1762630
1762820
1762880
1763000
1763070
1763140
1763200
1763390
1763420
1763430
1763580
1763690
1763790
1763910
1763940
1764040
1764180
1764290
1764370
1764500
1764580
1764590
1764600
1764610
1764720
1764750
1764850
1764920
1765110
1765120
1765400
1765610
1765680
1765840
1765930
1765950
1766260
1766290
1766360
1766430
1766520
1766560
1766570
1766800
1766860
1766930
1767050
1767260
1767410
1767440
1767530
1767630
1767670
1767720
1767750
1767880
1767970
1768050
1768060
1768110
1768290
1768310
1768330
1768380
1768750
1768760
1768900
1768930
1769040
1769180
1769300
1769330
1769610
1769790
1770110
1770340
1770410
1770420
1770590
1770650
1770980
1771080
1771100
1771190
1771350
1771560
1771570
1771870
1771900
1771970
1772000
1772020
1772290
1772360
1772460
1772500
1772670
1772900
1772940
1772980
1772990
1773050
1773210
1773340
1773600
1773610
1773680
1773760
1774040
1774050
1774170
1774180
1774210
1774230
1774440
1774500
1774550
1774690
1774720
1774790
1774800
1774830
1775180
1775280
1775580
1775590
1775600
1775910
1775950
1776280
1776320
1776410
1776480
1776680
1776720
1776760
1776770
1776810
1777270
1777340
1777860
1778010
1778170
1778530
1778900
1779000
1779140
1779160
1779290
1779520
1779820
1779860
1780140
1780350
1780710
1781400
1781490
1781910
1781970
1782440
1782550
1782870
1783030
1783420
1783430
1783580
1783940
1784110
1784710
1784790
1785240
1785780
1786210
1786240
1786340
1787060
1787370
1787530
1787590
1787710
1787940
1788020
1788200
1788290
1788300
1788550
1789020
1789040
1789120
1789410
1789430
1789610
1789630
1790440
1790480
1790660
1790680
1791040
1791070
1791770
1791840
1791940
1792080
1792240
1792420
1792540
1792640
1792800
1792960
1793270
1793310
1793390
1793930
1793940
1794010
1794080
1794260
1794350
1794550
1795280
1795450
1795520
1795590
1796540
1796730
1797110
1797330
1797670
1797720
1797770
1797920
1798100
1798490
1798940
1798960
1799040
1799150
1799320
1799540
1799640
1799810
1799860
1800270
1800420
1800500
1800700
1800770
18010
1802180
1802490
1802660
18030
1803100
1803120
1803340
1803680
1803750
1804090
1804670
1804800
1805350
1805420
1805630
1805830
1806300
1806390
1806500
1806900
1806990
1807050
1807110
1807130
1807180
1807400
1807440
1807780
1807790
1808090
1808180
1808670
1808930
1809030
1809140
1809400
1809940
1810770
1810780
1811180
1811280
1811420
1811460
1811840
1811890
1812080
1812100
1812190
1813070
1813350
1813360
1813410
1813710
1813830
1814180
1814210
1814370
1814430
1814500
1814650
1814760
1814860
1814940
1814960
1814970
1815210
1815300
1815610
1815770
1815950
1816010
1816130
1816510
1817150
1817480
1817520
1818190
1819170
1819380
1819590
1819680
1819910
1820120
1820240
1820300
1820410
1820420
1820500
1820660
1820730
1820760
1820820
1820990
1821080
1821190
1821240
1821250
1821300
1821360
1821370
1821470
1821560
1822170
1822600
1822740
1823040
1823240
1823960
1824050
1824310
1824470
1824770
1824850
1824900
1825090
1825260
1825360
1825570
1825680
1825920
1826010
1826110
1826190
1826240
1826310
1826320
1826520
1826790
1826990
1827800
1827930
1828050
1828290
1828360
1828480
1828610
1828920
1829390
1829750
1829950
1830520
1830580
1830860
1831170
1831180
1831240
1831420
1831890
1832190
1832610
1832630
1832880
1832890
1833010
1833030
1833150
1833460
1834210
1834260
1834520
1834780
1835050
1835130
1835170
1835300
1835320
1835380
1835590
1835630
1835900
1835950
1835990
1836020
1836100
1836480
1836650
1837240
1837290
1837720
1837770
1837880
1837930
1837960
1838050
1838160
1838520
1838620
1838640
1838700
1838840
1838850
1838870
1838930
1838940
1839200
1839390
1839530
1839720
1839970
1840180
1840500
1840670
1840680
1840930
1841340
1841410
1841510
1842020
1842090
1842420
1842600
1842670
1842710
1842820
1843210
1843360
1843830
1843960
1844180
1844310
1844320
1845070
1845220
1845470
1845580
1845590
1845950
1845990
1846110
1846140
1846310
1846470
1847520
1847570
1847640
1847780
1848020
1848090
1848100
1848620
1848830
1849030
1849160
1849180
1849340
1849450
1849670
1849700
1849770
1849920
18510
1851040
1851460
1851660
1851750
1852010
1852270
1852690
1852720
1852960
1853070
1853520
1853580
1853910
1853930
1853950
1854220
1854310
1854320
1854360
1854640
1854720
1854770
1854880
1855400
1855780
1855880
1855960
1856200
1856250
1856780
1856790
1856960
1857180
1857240
1857350
1857820
1858110
1858800
1859040
1859250
1859330
1859340
1859440
1859750
1859780
1860100
1860450
1860690
1860730
18610
1861000
1861270
1861680
1861790
1862360
1862510
1862610
1862640
1863330
1863880
1864450
1864640
1864740
1864870
1864920
1865070
1865150
1865190
1865300
1865860
1865910
1866000
1866080
1866270
1866330
1866520
1866550
1866690
1866930
1866940
1867030
1867090
1867220
1867340
1867360
1867950
1868230
1868340
1868530
1868660
1868690
1868740
1868830
1868930
1869180
1869240
1869340
1869550
1870450
1870530
1870640
1870680
1870820
18710
1871040
1871070
1871120
1871200
1871250
1871320
1871560
1871580
1871660
1872000
1872370
1872390
1872560
1872640
1872930
1873060
1873150
1873730
1873770
1873790
1873850
1873950
1874020
1874250
1874270
1874280
1874320
1874670
1874930
1875010
1875080
1875090
1875240
1875490
1875550
1875690
1875960
1876080
1876310
1876320
1876510
1876520
1876610
1876760
1877220
1877310
1877450
1877470
1877530
1877730
1877740
1877770
1878040
1878090
1878130
1878160
1878510
1878590
1878860
1879090
1879610
1879660
1879930
18800
1880120
1880210
1880340
1880350
1880520
1880540
1880740
1880750
1880850
1881230
1881400
1881550
1881770
1882020
1882030
1882250
1882310
1882360
1883180
1883330
1883640
1883730
1883910
1884010
1884070
1884270
1884460
1884590
1884700
1884710
1884730
1884740
1884770
1884840
1885150
1885210
1885230
1885350
1885390
1885740
1885810
1886060
1886190
1886490
1886500
1886520
1886900
1886970
1887110
1887210
1887390
1887410
1887870
1887950
1888140
1888250
1888400
1888730
1888820
1888850
1889070
1889210
1889340
1889380
1889470
1889510
1889910
1890060
1890150
1890730
1890840
1890900
1890930
1891020
1891050
1891150
1891180
1891190
1891200
1891380
1891470
1891590
1891630
1891670
1891730
1891800
1891910
1891990
1892480
1892710
1892830
1892960
1893110
1893160
1893270
1893340
1893380
1893450
1893470
1893610
1893710
1894130
1894180
1894330
1894340
1894350
1894420
1894610
1894620
1894670
1894780
1894820
1894830
1895030
1895110
1895190
1895360
1895380
1895440
1895510
1895620
1895730
1895770
1895840
1895850
1896080
1896120
1896350
1896400
1896440
1896490
1896680
1896740
1897070
1897090
1897210
1897270
1897390
1897620
1897840
1897850
1897930
1898170
1898230
1898510
1898650
1898800
1898820
1899040
1899090
1899100
1899260
1899280
1899420
1899460
1899510
1899530
1899560
1899640
1899780
1899840
1899850
1899860
1899900
1899920
1899930
1899940
1900060
1900110
1900120
1900430
1900450
1900800
1900840
1900870
1900940
1901080
1901210
1901280
1901320
1901770
1901790
1901890
1902000
1902130
1902160
1902190
1902310
1903010
1903070
1903110
1903150
1903160
1903380
1903700
1903890
1904060
1904070
1904110
1904240
1904270
1904340
1904420
1904500
1904510
1904670
1904750
1904760
1904990
1905120
1905170
1905250
1905410
1905650
1905710
1905820
1905840
19060
1906200
1906260
1906270
1906380
1906610
1906850
1907160
1907260
1907300
1907320
1907370
1907530
1907580
1907670
1907730
1907840
1908030
1908170
1908300
1908390
1908520
1908580
1908910
1909110
1909390
1909400
1909410
1909470
1909580
1909930
1909970
1910040
1910350
1910430
1910640
1910730
1910760
1910900
1910920
1910940
1911100
1911110
1911180
1911190
1911210
1911240
1911320
1911350
1911410
1911480
1911500
1911550
1911700
1911920
1912000
1912010
1912200
1912360
1912540
1912550
1912600
1912610
1912830
1912990
1913030
1913060
1913130
1913340
1913390
1913400
1913430
1913460
1913480
1913520
1913580
1913650
1913910
1914360
1914520
1914540
1914550
1914860
1914930
1915300
1915390
1915570
1915640
1915720
1915750
1915810
1915820
1915970
1916030
1916370
1916680
1916720
1917070
1917100
1917180
1917200
1917220
1917250
1917300
1917380
1917480
1917690
1917770
1917880
1918200
1918910
1918990
1919080
1919230
1919580
1919660
1919890
1919930
1920130
1920220
1920310
1920350
1920590
1920730
19210
1921100
1921410
1921420
1921430
1921640
1921670
1921710
1921800
1922230
1923090
1923210
1923260
1923280
1923370
1923440
1923740
1923980
1924260
1924750
1924930
1925110
1925120
1925160
1925260
1925300
1925490
1926040
1926150
1926250
1926540
1926570
1926580
1926960
1927990
1928170
1928720
1929050
1929310
1929390
1929920
1930430
1930570
1930750
1931030
1931300
1931450
1931610
1931650
1932070
1932090
1932150
1932510
1932620
1932880
1932930
1932940
1933040
1933120
1933200
1933260
1933360
1934170
1934240
1934460
1935010
1935260
1935270
1935390
1935650
1935700
1935950
1936090
1936340
1936570
1936730
1936870
1936910
1937420
1937760
1937870
1938170
1938480
1938570
1939030
1939050
1939360
1939410
1939620
1939900
1940050
1940110
1940170
1940530
1940810
1940860
1941080
1941560
1941880
1941930
1942090
1942200
1942230
1942460
1942570
1942600
1942700
1942800
1942910
1943100
1943150
1943180
1943200
1943320
1943330
1943900
1944860
1945830
1945920
1946000
1946220
1946270
1946400
1946500
1946800
1946910
1946920
1947520
1947590
1947760
1947770
1947830
1947840
1948070
1948130
1948270
1948320
1948500
1948610
1948660
1948710
1949060
1949070
1949080
1949320
1949430
1949450
1949510
1949530
1949830
1950010
1950090
1950100
1950150
1950260
1950290
1950430
1950740
1950790
19510
1951190
1951270
1951290
1951360
1951570
1951770
1952070
1952110
1952410
1952600
1952610
1952660
1952700
1952730
1952830
1952870
1952880
1952940
1953160
1953180
1953260
1953270
1953290
1953400
1953480
1954120
1954140
1954220
1954700
1954730
1955220
1955430
1955460
1955590
1955630
1955660
1956010
1956080
1956150
1956450
1956460
1956540
1956640
1956780
1956870
1956900
1956970
1957050
1957090
1957290
1957470
1957740
1957950
1958030
1958080
1958090
1958110
1958180
1958450
1958470
1958480
1958630
1958840
1958870
1958930
1959030
1959270
1959320
1959370
1959590
1959630
1959920
1960130
1960150
1960240
1960350
1960370
1960390
1960410
1960420
1960690
1960750
1960760
1960940
1960960
1961070
1961140
1961350
1961360
1961470
1961570
1961700
1961820
1961900
1962040
1962250
1962270
1962280
1962300
1962340
1962620
1962710
1962830
1962960
1963100
1963380
1963650
1963700
1963770
1963820
1963870
1963940
1964160
1964170
1964340
1964390
1964550
1964660
1964700
1964710
1964730
1964910
1965080
1965500
1965510
1965570
1965630
1965810
1965830
1965880
1966050
1966250
1966320
1966350
1966510
1966710
1966760
1966790
1966990
1967080
1967270
1967300
1967600
1967720
1967730
1968070
1968090
1968370
1968900
1968920
1968960
1969090
1969270
1969290
1969450
1969470
1969480
1969540
1969550
1969580
1969660
1970130
1970190
1970390
1970800
1970810
1970880
1970990
1971030
1971040
1971060
1971140
1971460
1971550
1971860
1972000
1972210
1972430
1972510
1972530
1972540
1972620
1972700
1972760
1972860
1973120
1973330
1973340
1973480
1973520
1973900
1973980
1974140
1974180
1974430
1974450
1974490
1974570
1975060
1975130
1975190
1975200
1975210
1975250
1975310
1975600
1975630
1975740
1975820
1975870
1975880
1975910
1976010
1976150
1976340
1976370
1976480
1976560
1976580
1976790
1976900
1977020
1977080
1977120
1977180
1977210
1977400
1977650
1977790
1977820
1977850
1977860
1978120
1978160
1978270
1978310
1978410
1978530
1978600
1978770
1978960
1979010
1979030
1979150
1979250
1979710
1979750
1979770
1979780
1979840
1979870
1980020
1980110
1980180
1980210
1980310
1980370
1980640
1980960
1980970
1981070
1981140
1981150
1981280
1981390
1981460
1981490
1981520
1981990
1982040
1982220
1982280
1982300
1982400
1982570
1982580
1982710
1982770
1982780
1982800
1982890
1982970
1983030
1983040
1983210
1983310
1983440
1983530
1983720
1983810
1984100
1984280
1984460
1984480
1984500
1984700
1984780
1984830
1984970
1985280
1985310
1985330
1985480
1985730
1985750
1985800
1985890
1986020
1986050
1986080
1986090
1986110
1986140
1986220
1986260
1986700
1986950
1986960
1987090
1987180
1987390
1987430
1987510
1987640
1987740
1987850
1987890
1987930
1987940
1988060
1988160
1988180
1988220
1988230
1988420
1988450
1988480
1988660
1988840
1989040
1989220
1989400
1989470
1989550
1989590
1989810
1989830
1990020
1990120
1990150
1990170
1990410
1990640
1990750
1990950
1990970
1991080
1991210
1991280
1991430
1991560
1991640
1991680
1991730
1991740
1992330
1992380
1992510
1992690
1992720
1992900
1992910
1992920
1992990
1993020
1993040
1993070
1993130
1993240
1993250
1993330
1993500
1993690
1993750
1993790
1994150
1994250
1994340
1994530
1994560
1994580
1994790
1994830
1994870
1994880
1994890
1995020
1995140
1995150
1995200
1995250
1995440
1995500
1995610
1995650
1995770
1995860
1995900
1995970
1996060
1996110
1996120
1996150
1996170
1996400
1996480
1996560
1996690
1996860
1996940
1996950
1996960
1997000
1997100
1997180
1997200
1997350
1997600
1997620
1997720
1997760
1997820
1998080
1998210
1998270
1998480
1998740
1999200
1999310
1999340
1999410
1999420
1999440
1999480
1999530
1999580
1999640
1999670
1999690
2000060
2000080
200030
2000330
2000410
2000430
2000620
2000640
2000660
2000680
2000840
2001100
2001390
2001450
2001490
2001540
2001550
2001600
2001620
2001630
2001740
2001810
2001820
2001940
2001950
2002040
2002290
2002330
200240
2002490
2002640
2002680
2002750
2002810
2002910
2002960
2003110
2003120
2003130
2003250
2003290
2003330
2003440
2003480
2003720
2003780
2003820
2003850
2003890
2003980
2004000
2004050
2004150
2004310
2004350
2004450
2004470
2004560
2004690
2004720
2004750
2004920
2005200
2005450
2005620
200570
2005840
2005940
2006100
2006150
2006240
2006270
200650
2006590
2006680
2006780
2006850
2006880
2006980
2007090
2007230
2007310
2007330
2007340
2007600
2007650
2007660
2007810
2007830
2008030
2008140
2008150
2008190
2008340
2008360
2008520
2008540
2008580
2008660
2008680
2008690
2008940
2008970
2009050
2009060
2009150
2009250
2009260
2009590
2009660
2009680
2009690
2009700
2009710
2009810
2009870
2009910
2010090
2010190
2010230
2010330
2010430
2010590
201060
2010810
2010860
201090
2010940
2011050
2011090
201120
2011280
2011290
2011380
2011390
2011450
201160
2011660
2011670
2011680
201170
2011930
2012060
2012110
2012130
2012150
2012210
2012230
2012330
2012350
2012400
2012480
2012640
2012700
2012810
2012860
2012870
2012920
2012980
2013000
2013100
2013200
2013260
2013310
2013350
2013390
2013410
2013450
2013470
2013490
2013510
2013560
2013570
2013810
2013840
2013890
2013930
2013940
2013960
2013980
2014110
2014190
2014250
2014290
2014310
2014320
2014450
2014640
2014700
2014710
2014730
2015060
2015150
2015290
2015340
2015350
2015400
2015570
2015590
2015730
2015800
2015870
2015920
2015970
2015980
2016150
2016270
2016340
2016360
2016520
2016630
201680
2016860
2016870
2016920
2016930
2016990
2017070
2017170
2017180
201720
2017240
2017250
2017280
2017310
2017320
2017390
2017470
2017650
2017660
2017690
2017710
2017810
2018040
2018090
2018150
2018170
2018180
2018200
2018290
2018390
2018400
2018470
2018590
2018620
2018630
2018650
2018680
2018690
2018710
2018750
2018770
2018800
2018880
2018890
2018920
2018970
2018980
2019030
2019120
2019150
2019190
2019350
2019430
2019450
2019480
2019490
2019500
2019540
2019560
2019600
2019750
2019780
2019820
2019890
2019900
2019930
2020010
2020050
2020060
2020100
2020140
2020150
2020200
2020230
2020240
2020250
2020280
2020290
2020300
2020320
2020350
2020360
2020370
2020390
2020410
2020440
2020450
2020580
2020600
2020620
2020660
2020700
2020720
2020740
2020760
2020810
2020820
2020890
2020900
2020940
2020970
2021020
2021150
2021160
2021400
2021420
2021430
2021450
2021470
2021480
2021490
2021650
2021810
2021890
2021920
2022130
2022200
2022240
2022320
2022340
2022430
2022530
2022580
2022660
2022720
2022730
2022840
2022870
202290
2022940
2023040
2023100
2023290
2023410
2023470
2023570
2023660
2023700
2023750
2023830
2023860
2023870
2024000
2024020
2024040
2024060
2024180
2024200
2024250
2024540
2024800
2024850
2024900
2024960
2025010
2025350
2025400
2025430
2025620
2025640
2025690
2025940
2026090
202610
2026110
2026190
2026200
2026210
2026220
2026320
2026360
2026480
2026600
2026610
2026620
2026680
2026770
2026780
2027020
2027080
2027320
2027340
2027410
2027460
2027480
2027500
2027620
2027640
2027720
2027770
2027800
2027900
2027950
2027980
2027990
203530
203670
203970
204010
204050
204260
204410
204610
204680
204920
204980
2050240
2050410
2050500
2050550
2050610
2050880
2051030
2051070
2051230
2051260
2051400
2051430
2051550
2051610
2051790
2051800
2051810
2051850
2051860
2051930
2051950
2051980
2052330
2052400
2052440
2052470
2052500
2052620
2052800
2052850
2052880
2052930
2052980
2053070
2053120
2053150
2053180
2053420
2053430
2053480
2053500
2053550
205370
2053710
2053720
2053730
2053780
2054170
2054210
2054490
2054550
2054560
2054630
2054840
2054960
2054980
2055020
2055040
2055080
2055250
2055340
2055520
2055610
2055640
2055710
2055950
20560
2056140
2056290
2056350
2056660
2056730
2056950
205700
2057050
2057140
2057160
2057200
2057390
2057480
205750
2057530
2058080
2058590
2059470
206290
206650
206730
207130
20720
20730
207510
207770
207970
207990
208010
208070
209040
210130
21020
210310
210470
210500
210720
210740
211090
2120
212140
212350
212560
212840
212860
21310
213450
213490
213870
213910
214070
214090
21410
214710
214810
214820
215020
21510
215180
215220
21630
216310
21650
216690
217160
217470
217830
218110
218290
219
219030
219240
219520
219660
219850
22010
220480
220720
220840
221030
22110
22150
22160
221620
221660
22170
221770
22220
222300
222400
222700
223090
223370
223570
223920
224120
224520
224640
224660
225580
226140
22620
226240
226540
22660
22680
22690
227420
227960
228860
231120
231350
232930
233030
233050
233070
23320
233490
233710
23470
23520
23610
236810
237130
238510
240240
240570
241700
241890
242180
242590
243340
243820
24430
246170
246340
246440
246540
246640
246660
24710
247260
247750
247890
248140
249150
249970
250010
250790
2510
254150
254560
25510
255440
25610
25710
257140
257190
257380
258150
26010
262880
264660
264850
264930
26510
265100
265530
267890
268030
26810
26910
27030
27040
270660
270680
271210
271880
272390
2730
273130
273280
273450
275710
27610
277990
27910
279120
27930
28020
281170
282230
282250
282270
285540
285600
285690
286650
287240
287440
288330
288460
289740
29140
29150
29170
291950
29200
292690
294250
294260
294270
294350
294400
295500
296200
298000
298010
298920
299130
299330
300130
300730
300790
300930
301170
302230
303630
303990
304440
304520
304570
304600
304610
305140
305440
305450
306500
307810
309890
311950
312060
312260
312330
312590
312930
313030
313290
313680
313920
314390
314490
31500
315510
315690
316040
316050
316090
316100
316450
316850
316870
316900
31710
317160
317210
317560
317750
317910
318080
318170
318320
318340
318450
318780
318820
3190
319130
319260
319340
319390
31940
31950
31960
319620
31970
31990
32010
320290
320880
3210
321010
321020
32117
32127
32162
321630
32210
322610
322670
323760
323770
324460
324490
325760
326260
326440
326800
327240
327870
327900
3280
328300
328530
328560
329260
329350
329500
329960
330800
331270
33140
33150
33160
33170
33190
332300
332470
33290
333140
333200
333270
333500
333670
33400
334600
334660
334820
334860
334880
335180
335410
33560
335680
335970
337050
337310
337380
337430
337640
337710
337830
338010
338490
338680
339360
339520
33970
339750
339890
34050
340740
340890
340980
341210
341480
34200
343380
34350
34400
344000
344150
344470
344920
345000
34510
34620
34660
346640
346690
347010
347120
347680
347780
347910
347920
348010
348110
348320
348610
34880
348920
34910
34930
349560
349620
349800
35020
350230
350400
35050
350720
350870
351020
35110
351270
35150
351540
3522
353020
3532
353240
353320
354110
354320
35490
355550
355660
355870
356010
3562
356810
356860
35710
3572
358010
3582
358780
359110
359120
3592
359980
3602
360250
360560
361070
3612
362050
3622
362710
363740
363810
364920
365220
365490
365630
366430
366480
366630
366680
366820
366900
367190
367320
368320
368440
369010
36920
36930
369730
370520
370530
370900
371070
371130
371800
372070
372180
372410
372500
372580
372700
372730
372860
373250
373350
373960
37410
374130
374210
374360
374540
374890
37510
375140
375560
375890
375980
376190
377020
377770
37810
378380
379040
379250
379630
379970
380050
380720
380930
380970
381600
381770
382060
382500
383430
383470
383570
383920
384050
384350
384670
384730
3850
385820
386530
386780
387000
38710
387140
38730
387380
38750
388310
388350
388580
38910
389440
390020
390640
390800
39100
391450
39230
392320
392960
393270
393500
393630
393730
394190
394350
394710
394790
395070
395210
395510
39590
395970
396190
396240
396290
396490
397050
397170
397790
39810
398280
398430
398440
398600
399010
399280
399760
400320
400330
401220
401300
401350
40140
401400
402050
402410
403020
40310
403210
40360
40410
40430
404760
40510
405350
406660
406820
407040
40710
407960
408010
408180
408470
408530
409150
410
410030
410680
410800
410920
41110
411580
41220
414050
41510
415870
416100
416440
416650
41670
417420
417520
41810
418840
419060
421640
421830
42190
422160
422170
423130
423330
423370
423450
423670
424070
424220
4260
426110
426340
426900
427090
427630
428030
428050
428090
429630
430430
4310
431320
431420
432220
432530
432660
432810
432970
433050
433860
434550
434640
434760
435090
435130
435220
435390
435520
436130
436170
436310
436700
436730
436800
436810
436880
437050
437150
437860
438050
438170
438250
438380
438590
439760
439780
440350
44110
441370
441490
441690
441750
441960
441990
442280
442720
442790
443270
443640
4440
444600
444660
444750
444910
444980
445440
445490
445790
446320
446340
447840
449190
45010
450510
451380
451810
452280
452850
45310
453760
45430
454300
454360
454490
454590
45460
454920
454980
455420
455510
455620
455660
455920
455950
456020
456030
456100
456290
456400
457000
457350
458010
458080
458120
458880
458930
459320
459380
459560
459860
46010
460180
460450
460500
461300
461470
461660
462360
463080
463330
464140
464390
465120
465400
465420
465470
465550
465560
465940
465950
46610
466440
466460
466590
466930
467070
469680
469750
470160
470570
470800
4710
471610
471880
471900
472850
474770
474850
474860
475110
476250
476500
476690
476910
47760
478200
479030
479220
48010
480470
4810
4820
482370
48280
483830
484360
485050
485070
485100
485710
48710
487390
487410
487470
487510
48810
488110
488800
489350
489540
489620
489640
491230
491600
492380
493360
49340
493600
493860
493910
493940
494340
494400
494480
494550
49460
49480
494950
495270
495860
495880
496090
49610
497330
497770
498010
498290
498420
498880
499320
499930
50010
500330
500490
500510
500650
500830
501130
501240
501360
501490
502260
502390
502620
50280
503040
503250
503260
503500
503760
503790
503810
503930
504590
505720
505890
506180
506860
507130
507310
507540
508640
508920
509810
510470
510640
510690
510720
510950
511710
511970
512140
512500
512950
512980
513280
515050
515880
516350
516490
516630
516660
516670
516990
517250
517390
517410
517690
518070
518420
519050
519100
519880
520160
520260
520570
520740
521070
521370
522480
522600
522680
522910
523260
523950
524130
524210
524410
524530
524550
524570
524860
524880
525140
525320
525340
525490
525930
525980
526260
526320
526770
527090
527860
527980
528280
528690
528870
529310
529600
529740
529850
529980
530050
530090
530190
530210
530410
530570
530600
530840
531060
531210
531220
532010
532140
532280
532860
533100
533140
534180
534970
535450
535470
535660
535790
535810
536330
536390
536550
536860
536880
537240
537570
538340
538380
538420
538440
538450
538580
538740
538890
539230
539250
540030
540200
540210
540670
541120
541250
541820
541890
541950
542140
542390
542510
542810
543080
543990
544010
544430
544700
545810
547490
547550
547610
548000
548160
548300
550350
550410
550480
550530
550690
550700
551020
551350
551530
551540
552530
552730
552810
553080
553090
553200
55370
55410
554650
554850
555020
555110
555910
556170
556430
556660
556930
557220
557540
557560
557710
557800
557840
557910
557980
558280
558430
558500
558710
558770
558980
559690
559700
560520
560610
560780
560980
561580
561710
561820
562080
563110
563630
563770
563980
563990
564240
564800
565420
565440
565480
565990
566770
566840
567410
568210
568620
568790
568870
569170
569470
569580
569650
569670
569880
570080
57010
571090
571450
571480
571640
571700
57210
572140
572150
572200
572460
573250
573310
573480
573560
573630
573990
574130
575180
575220
57610
576330
576900
57710
577200
57750
577650
578840
578940
579460
579550
579600
579970
580070
580110
580250
580550
580920
582120
582140
582180
58220
583020
583050
583710
583940
584590
584870
585380
585400
585530
58580
586370
586510
587600
588220
588740
589120
590260
591590
592210
592880
593350
594520
594670
596030
596060
596510
596550
596900
596920
596930
597080
597130
597880
598650
598750
598830
599030
599920
600160
600400
600730
601070
601090
601720
603440
603540
603690
603980
604020
604080
604320
604440
604470
604580
604940
605010
605170
605300
605420
605440
605570
605660
605890
60610
606170
606220
607220
607540
607710
607730
60810
608740
609380
609470
609770
609980
610990
611650
611890
612280
612420
612830
612850
612950
612970
6130
613340
614010
614230
615030
615100
615360
615430
615440
615960
616730
617010
617070
61720
617540
617730
618110
618580
619760
620160
620250
620300
620400
620440
620510
622050
622570
622780
622860
622900
622940
6230
623220
623770
624480
625210
625260
625290
625390
625440
625570
625640
625750
6260
626000
626230
626590
626670
627340
627610
627990
628220
629260
629390
629510
629610
630250
630580
630760
630840
630880
630990
631190
631300
631890
6320
632030
632810
633070
633090
633200
633340
633590
633610
633830
634820
635740
635840
636060
636280
636650
636770
639200
639210
639510
639580
639660
640020
640730
6410
642810
643580
644730
644840
644940
645140
645300
645560
645950
646060
646080
646130
646190
646290
646340
646690
646870
646880
646990
647520
648030
648520
648540
648860
648970
649090
649500
649830
650560
650640
650710
651410
652220
652350
653150
653730
65410
654230
654460
65520
655840
656820
65760
6580
65900
659240
659310
660870
660910
661850
661980
662420
662850
663070
663180
663270
664070
664540
664800
665710
666180
666830
666970
667280
667480
668160
670040
67010
670300
670360
670530
670690
670860
671210
671410
671910
672200
672560
673030
673080
673410
673710
673790
674080
674560
675190
675250
676140
676950
678720
679250
680430
680470
680600
680610
680710
681120
682650
684070
684280
685180
685320
685380
686080
686560
686840
687470
687780
688010
688920
689220
689420
689510
689690
690230
690720
690990
691290
691400
691970
692520
692960
6930
693220
693660
693900
6940
694100
694350
694360
6950
695030
696290
696610
696920
697170
697720
697990
698120
698290
698460
699030
700150
700370
700500
701000
70130
70140
701500
701520
701560
701650
701750
702000
702140
70220
70230
702590
702920
7030
70310
703830
70410
704240
70430
704330
704870
7050
70510
705140
705360
705580
705900
706660
706830
707840
708040
708320
708350
708410
70910
710680
711250
711340
711360
712800
713000
713880
713990
714160
714900
715130
715450
715750
716120
716320
717500
718950
721330
721490
721770
721910
721930
722610
722650
7230
723120
723550
72410
724240
724620
725130
725310
725860
726240
726310
726440
726470
726530
726670
727160
727270
727600
727710
7280
728080
728430
728500
7290
729830
730020
730230
73050
730640
730940
731350
731370
731990
733000
733130
733330
733600
733950
734060
734520
734530
735400
735690
736270
736310
737770
738120
738780
738890
739140
739230
739300
739970
740210
740440
740850
741060
741980
742000
742160
742910
743590
743870
744080
744090
744160
745310
745780
746150
746160
746170
746250
746970
747300
747530
747680
748000
748170
748190
748710
748900
749490
749530
749630
750750
751040
751070
751770
751910
751930
752260
752490
752820
752840
752860
753030
753080
753430
753580
754260
754280
754420
754730
754870
755400
755650
755990
756550
757090
757150
757220
757460
757570
757930
758110
758360
759300
759380
759420
759670
759910
760190
760830
760910
761240
761400
761530
761560
761680
763170
763920
763940
763960
764530
765760
766880
768160
768680
769860
7710
771210
771740
772040
772140
772250
772310
772330
772350
772370
772520
772660
773100
773160
773310
773350
773680
775240
775250
775360
775470
775510
775700
776010
776030
776240
777490
777680
778490
778560
778660
778920
779080
779630
779750
779900
780250
780470
780490
780650
780860
781390
781470
781970
783130
783490
784980
785010
785200
785630
786300
786430
786550
786730
786860
787660
787830
788290
788460
7890
791220
791250
791520
791650
793120
793580
794590
794610
795020
795170
795300
796610
797210
797230
797260
797560
797580
798310
798450
798580
798620
798820
799580
799980
800040
800060
800100
800540
800570
800590
800610
800630
801070
801640
802170
802440
802580
802620
8030
803810
804340
804390
804450
804500
804790
804820
805130
805250
805620
805930
806410
806980
8090
809190
809290
809670
809820
809860
809910
809980
810370
811050
813070
813870
813950
814520
814930
8150
815340
816440
816470
816540
816950
817050
817320
817570
8180
818000
818110
819000
819170
819350
819450
819490
819580
820060
820430
821590
822570
822730
822820
822980
823120
823170
823460
823860
823870
824180
824350
826530
827200
828130
828260
828310
828390
828450
828940
829130
829230
829620
830550
832090
832400
832440
832730
833780
833830
833840
833850
833880
835280
835780
836680
836710
838060
838400
838450
838930
839000
839190
839950
841080
841170
841240
841850
841940
842090
842340
843070
843330
844460
844710
845710
845990
846140
846290
847110
847440
847640
848130
849040
849370
849570
850020
850750
851620
852440
852710
852830
852970
853650
853890
854420
854600
854800
854820
855040
855120
855680
856030
856180
856780
857250
857830
858110
858350
858790
858990
859110
859240
859910
860060
861130
861990
862090
862510
862550
863330
863360
863370
863610
863650
863820
863910
864330
864720
865380
866810
866820
868540
868790
868840
869360
8700
870300
870960
871130
871970
8720
872120
872640
873100
873340
873570
874070
874110
874470
875330
875560
875650
8760
876510
876660
877090
877210
877700
877740
877770
878040
878070
878530
879490
879550
880170
880290
880710
880760
881030
881070
881340
881800
881950
881990
8820
882450
882540
882650
883340
883570
883700
883820
884490
884510
884540
885130
885300
885540
885980
886030
886170
886190
886400
886750
887070
887190
887760
889010
889580
889590
889940
8900
890100
890230
890240
890430
890460
890960
890990
8910
891010
891900
891910
892140
892220
892430
892530
892620
893410
893780
893820
894400
894550
894850
895530
895540
897130
898030
898060
898100
898560
898880
899250
900250
903590
903980
90410
904460
904620
904730
905040
905100
905420
905780
907290
907490
907740
907800
9080
908580
908640
908650
9090
909450
909550
909650
909870
91110
911540
911820
9120
912330
912880
912910
912970
9130
913020
913050
913510
913620
914360
915000
915050
915250
915520
915980
91610
916200
917110
91820
91830
918390
918420
919420
919520
919740
920650
921410
921610
921620
921650
922940
92310
923220
923280
923600
924060
924240
925720
926460
926510
927090
927100
927110
927140
927870
928050
928080
928870
929090
9300
930090
930130
930260
930720
930890
931460
931900
9320
932000
932060
932460
932580
9330
935600
936250
936750
936920
937250
938060
938090
939010
939070
939340
939630
939770
939910
940030
940250
940510
941010
941420
941450
941880
942000
942420
942460
943020
9440
944170
944570
944660
944790
944900
944940
945050
945640
945840
945940
946140
946250
946440
947320
949440
949550
949730
950690
950770
950920
950940
950980
9510
951560
952630
952690
952770
95310
953160
953390
954200
954230
954290
954370
954460
954480
954510
954540
954550
954630
955910
956290
956840
957040
957210
957340
957450
958030
958340
958430
958460
959780
96010
960790
961020
961320
961340
961350
961360
961370
961500
962190
962590
963420
963580
964000
964200
964280
964780
965530
965790
966030
966620
968750
969160
969170
969440
969550
969850
970080
97010
970270
970520
970780
971730
972090
972130
972530
972840
972980
973020
973330
97340
973430
973460
974260
974560
974630
975440
975450
975480
975780
976480
976910
977010
977280
977330
977710
978240
978830
978890
979610
980180
980240
980710
981240
981340
981360
981380
981460
981530
981810
982530
982810
983580
983800
983950
984010
984100
984490
984550
984700
985060
985140
985450
985550
985700
985750
986050
98610
987650
988350
988630
988720
989360
989530
989670
989730
990010
990040
990070
990100
991610
991650
991690
992030
992270
992370
992710
992830
993620
993660
994000
994060
994330
994580
994760
994800
994970
9950
995710
995940
996090
996250
996260
996410
996520
998870
998900
999370
9998